  0.000000000  0.000000000  0.000000000      13
       1       1  -21.798980541  -25.768060154
       1       2   -9.673880661  -12.551050345
       1       3   -5.754913083   -8.562872141
       1       4   -5.754912988   -8.562872046
       1       5    0.475130486    1.327071597
       1       6    1.541207148    1.923061734
       1       7    1.899006539    1.876952489
       1       8    2.776711235    2.968856815
       1       9    3.164832124    3.276810697
       1      10    4.773896764    5.093512184
       1      11    5.315982947    5.569938308
       1      12    7.127087541    9.063330543
       1      13    7.127087653    9.063330654
  0.000000000  0.041666667  0.000000000      13
       1       1  -21.765601050  -25.734519022
       1       2   -9.628530538  -12.500808218
       1       3   -5.896540678   -8.718951179
       1       4   -5.823095859   -8.633759570
       1       5    0.533098647    1.385763946
       1       6    1.593696459    1.979114155
       1       7    1.954697032    1.932854071
       1       8    2.829418455    3.022540263
       1       9    3.221144585    3.333669299
       1      10    4.820739532    5.147019349
       1      11    5.372861864    5.628284646
       1      12    7.103130194    9.011619568
       1      13    7.277967588    9.221073493
  0.000000000  0.083333333  0.000000000      13
       1       1  -21.665867461  -25.631361075
       1       2   -9.493129238  -12.350932341
       1       3   -6.301532481   -9.164934320
       1       4   -6.016458015   -8.835951203
       1       5    0.704266410    1.560104781
       1       6    1.750437492    2.147520879
       1       7    2.121572481    2.100252083
       1       8    2.986796151    3.183337627
       1       9    3.388978303    3.503293520
       1      10    4.957499844    5.308200513
       1      11    5.539202219    5.803714518
       1      12    7.042200485    8.884390003
       1      13    7.281498534    8.229804305
  0.000000000  0.125000000  0.000000000      13
       1       1  -21.501055637  -25.461067923
       1       2   -9.269076890  -12.102981485
       1       3   -6.918943035   -9.843847249
       1       4   -6.305373774   -9.140715795
       1       5    0.982851968    1.846307958
       1       6    2.008912758    2.429234660
       1       7    2.399188485    2.378489309
       1       8    3.246145750    3.450469966
       1       9    3.665682105    3.783707167
       1      10    5.168432687    5.580921465
       1      11    5.801093835    6.104557212
       1      12    6.971818978    8.715335605
       1      13    7.204378090    8.319363319
  0.000000000  0.166666667  0.000000000      13
       1       1  -21.273514639  -25.220563627
       1       2   -8.959106244  -11.760568828
       1       3   -7.687362081  -10.687771441
       1       4   -6.652928470   -9.509274525
       1       5    1.363626516    2.240718219
       1       6    2.362301398    2.827299903
       1       7    2.787077881    2.766930950
       1       8    3.599641024    3.822854453
       1       9    4.047922804    4.173344022
       1      10    5.399587301    5.976626645
       1      11    6.120461255    6.591322033
       1      12    6.943828565    8.477883846
       1      13    7.010159663    8.133343587
  0.000000000  0.208333333  0.000000000      13
       1       1  -20.987069151  -24.922888289
       1       2   -8.567629516  -11.326743799
       1       3   -8.548709875  -11.630877968
       1       4   -7.024211578   -9.904576095
       1       5    1.842637162    2.740770691
       1       6    2.789472069    3.352743775
       1       7    3.284780930    3.265159209
       1       8    4.020081868    4.302432292
       1       9    4.530817519    4.673049755
       1      10    5.485469734    6.381854155
       1      11    6.372398069    7.353813810
       1      12    6.898522423    7.661994172
       1      13    7.097802084    8.079821978
  0.000000000  0.250000000  0.000000000      13
       1       1  -20.647752093  -24.570250646
       1       2   -9.452940029  -12.617450031
       1       3   -8.101510291  -10.809260337
       1       4   -7.390023370  -10.295971319
       1       5    2.415539716    3.344298444
       1       6    3.199257350    4.040747252
       1       7    3.891579537    3.873062345
       1       8    4.389638843    4.863448885
       1       9    5.101878921    5.294791102
       1      10    5.398722372    6.184520059
       1      11    6.456139328    7.757216192
       1      12    7.170369722    7.589126235
       1      13    7.556974895    8.085180797
  0.000000000  0.291666667  0.000000000      13
       1       1  -20.265124675  -24.174869451
       1       2  -10.357264974  -13.598687984
       1       3   -7.728215175  -10.658321902
       1       4   -7.571906503  -10.217934864
       1       5    3.074218397    4.047850348
       1       6    3.203486116    4.559277760
       1       7    4.605474568    4.591859951
       1       8    4.663114018    5.062109207
       1       9    5.706366974    6.127120345
       1      10    5.730543638    6.088475417
       1      11    6.546022621    7.714032557
       1      12    7.737577484    8.054420714
       1      13    8.214336779    8.598580472
  0.000000000  0.333333333  0.000000000      13
       1       1  -19.854633455  -23.751446220
       1       2  -11.221715057  -14.532363713
       1       3   -8.022694430  -10.974489285
       1       4   -6.996887341   -9.575348828
       1       5    2.601373028    4.073765282
       1       6    3.798761823    4.842882384
       1       7    5.274420786    5.606986355
       1       8    5.416435243    5.441521136
       1       9    6.127367409    7.124973039
       1      10    6.437860066    6.687494272
       1      11    6.957742926    7.495072572
       1      12    8.468941605    8.768210796
       1      13    8.998825565    9.342641387
  0.000000000  0.375000000  0.000000000      13
       1       1  -19.441707712  -23.326913490
       1       2  -12.003329719  -15.372183908
       1       3   -8.261842712  -11.231399108
       1       4   -6.407694867   -8.917157451
       1       5    1.813397215    3.235568448
       1       6    4.531172684    5.697884893
       1       7    6.113878052    6.489303156
       1       8    6.173325159    6.920013159
       1       9    6.514558924    6.996808938
       1      10    7.312497524    7.538928768
       1      11    7.765375159    8.021582225
       1      12    9.311380356    9.629460282
       1      13    9.879758792   10.240809931
  0.000000000  0.416666667  0.000000000      13
       1       1  -19.067863255  -22.945121542
       1       2  -12.648305360  -16.061078995
       1       3   -8.437654230  -11.420684314
       1       4   -5.859168774   -8.309016318
       1       5    1.071158172    2.428926982
       1       6    5.113178658    6.458023419
       1       7    6.637510940    7.683411570
       1       8    7.082691446    7.531465665
       1       9    7.474225596    7.514281628
       1      10    8.302251520    8.528529776
       1      11    8.751404043    8.955965020
       1      12   10.207616300   10.607653467
       1      13   10.607070528   11.527206411
  0.000000000  0.458333333  0.000000000      13
       1       1  -18.795060852  -22.668629629
       1       2  -13.086746480  -16.526568150
       1       3   -8.545090162  -11.536203231
       1       4   -5.444555992   -7.856941359
       1       5    0.525042446    1.840621304
       1       6    5.390850010    6.840114694
       1       7    7.388238933    8.423550021
       1       8    8.133120926    8.709677987
       1       9    8.616631903    8.622700764
       1      10    9.362582238    9.625667551
       1      11    9.560486006   10.489337967
       1      12    9.990299711   10.363154495
       1      13   10.535179591   11.187147071
  0.000000000  0.500000000  0.000000000      13
       1       1  -18.692925363  -22.553215107
       1       2  -13.244614293  -16.693529214
       1       3   -8.581206943  -11.575457759
       1       4   -5.284827406   -7.686054754
       1       5    0.319218442    1.622392434
       1       6    5.458177160    6.927774676
       1       7    8.155869677    9.303527311
       1       8    8.748517252    9.707510642
       1       9    8.966396854    9.870269287
       1      10    9.632138794    9.956534707
       1      11    9.869823693    9.849752258
       1      12    9.912169198    9.917434912
       1      13   10.479086649   10.634293463
  0.000000000  0.541666667  0.000000000      13
       1       1  -18.795060852  -22.668799381
       1       2  -13.086746480  -16.526157314
       1       3   -8.545090162  -11.536597900
       1       4   -5.444555992   -7.857015147
       1       5    0.525042446    1.840785601
       1       6    5.390850010    6.840460515
       1       7    7.388238933    8.422809599
       1       8    8.133120926    8.709596369
       1       9    8.616631903    8.622660162
       1      10    9.362582238    9.625619667
       1      11    9.560486006   10.489745643
       1      12    9.990299711   10.363087028
       1      13   10.535179591   11.187305077
  0.000000000  0.583333333  0.000000000      13
       1       1  -19.067863255  -22.945113568
       1       2  -12.648305360  -16.060386543
       1       3   -8.437654230  -11.421299660
       1       4   -5.859168774   -8.309133183
       1       5    1.071158172    2.429203695
       1       6    5.113178658    6.458728257
       1       7    6.637510940    7.682540035
       1       8    7.082691446    7.531405105
       1       9    7.474225596    7.514186758
       1      10    8.302251520    8.528477521
       1      11    8.751404043    8.955757143
       1      12   10.207616300   10.607590635
       1      13   10.607070528   11.527497112
  0.000000000  0.625000000  0.000000000      13
       1       1  -19.441707712  -23.327078230
       1       2  -12.003329719  -15.371331433
       1       3   -8.261842712  -11.232206083
       1       4   -6.407694867   -8.917305757
       1       5    1.813397215    3.235850625
       1       6    4.531172684    5.698563399
       1       7    6.113878052    6.489262019
       1       8    6.173325159    6.919811211
       1       9    6.514558924    6.996470888
       1      10    7.312497524    7.538889660
       1      11    7.765375159    8.021254577
       1      12    9.311380356    9.629407363
       1      13    9.879758792   10.240565644
  0.000000000  0.666666667  0.000000000      13
       1       1  -19.854633455  -23.751559969
       1       2  -11.221715057  -14.531452265
       1       3   -8.022694430  -10.975308134
       1       4   -6.996887341   -9.575482482
       1       5    2.601373028    4.074043461
       1       6    3.798761823    4.843349436
       1       7    5.274420786    5.606967408
       1       8    5.416435243    5.441573762
       1       9    6.127367409    7.124817523
       1      10    6.437860066    6.687463018
       1      11    6.957742926    7.494403390
       1      12    8.468941605    8.768150521
       1      13    8.998825565    9.342288539
  0.000000000  0.708333333  0.000000000      13
       1       1  -20.265124675  -24.175030935
       1       2  -10.357264974  -13.597548705
       1       3   -7.728215175  -10.659416513
       1       4   -7.571906503  -10.218049317
       1       5    3.074218397    4.048185295
       1       6    3.203486116    4.559459895
       1       7    4.605474568    4.591892476
       1       8    4.663114018    5.062157613
       1       9    5.706366974    6.127372150
       1      10    5.730543638    6.088484573
       1      11    6.546022621    7.713118633
       1      12    7.737577484    8.054387968
       1      13    8.214336779    8.598049081
  0.000000000  0.750000000  0.000000000      13
       1       1  -20.647752093  -24.570373583
       1       2   -9.452940029  -12.616093093
       1       3   -8.101510291  -10.809376469
       1       4   -7.390023370  -10.297134957
       1       5    2.415539716    3.344526478
       1       6    3.199257350    4.040826497
       1       7    3.891579537    3.873090224
       1       8    4.389638843    4.863558225
       1       9    5.101878921    5.294985680
       1      10    5.398722372    6.184657039
       1      11    6.456139328    7.756451837
       1      12    7.170369722    7.589115997
       1      13    7.556974895    8.084226172
  0.000000000  0.791666667  0.000000000      13
       1       1  -20.987069151  -24.922957336
       1       2   -8.567629516  -11.326806786
       1       3   -8.548709875  -11.629462987
       1       4   -7.024211578   -9.906013922
       1       5    1.842637162    2.740916900
       1       6    2.789472069    3.352757251
       1       7    3.284780930    3.265175722
       1       8    4.020081868    4.302454308
       1       9    4.530817519    4.673174662
       1      10    5.485469734    6.381948407
       1      11    6.372398069    7.353768056
       1      12    6.898522423    7.662020421
       1      13    7.097802084    8.078310065
  0.000000000  0.833333333  0.000000000      13
       1       1  -21.273514639  -25.220676743
       1       2   -8.959106244  -11.760599715
       1       3   -7.687362081  -10.686574979
       1       4   -6.652928470   -9.510471211
       1       5    1.363626516    2.240803937
       1       6    2.362301398    2.827308940
       1       7    2.787077881    2.766936704
       1       8    3.599641024    3.822857075
       1       9    4.047922804    4.173412614
       1      10    5.399587301    5.976657092
       1      11    6.120461255    6.591627964
       1      12    6.943828565    8.476384470
       1      13    7.010159663    8.133402373
  0.000000000  0.875000000  0.000000000      13
       1       1  -21.501055637  -25.461054294
       1       2   -9.269076890  -12.102985530
       1       3   -6.918943035   -9.842528522
       1       4   -6.305373774   -9.142006731
       1       5    0.982851968    1.846343618
       1       6    2.008912758    2.429238573
       1       7    2.399188485    2.378489045
       1       8    3.246145750    3.450469853
       1       9    3.665682105    3.783740517
       1      10    5.168432687    5.580939900
       1      11    5.801093835    6.104702131
       1      12    6.971818978    8.714405518
       1      13    7.204378090    8.319447954
  0.000000000  0.916666667  0.000000000      13
       1       1  -21.665867461  -25.631297631
       1       2   -9.493129238  -12.351000850
       1       3   -6.301532481   -9.163500492
       1       4   -6.016458015   -8.837173011
       1       5    0.704266410    1.560112474
       1       6    1.750437492    2.147522076
       1       7    2.121572481    2.100257649
       1       8    2.986796151    3.183337527
       1       9    3.388978303    3.503309845
       1      10    4.957499844    5.308217354
       1      11    5.539202219    5.803761697
       1      12    7.042200485    8.883942010
       1      13    7.281498534    8.229871022
  0.000000000  0.958333333  0.000000000      13
       1       1  -21.765601050  -25.734485762
       1       2   -9.628530538  -12.500820208
       1       3   -5.896540678   -8.717956269
       1       4   -5.823095859   -8.634643230
       1       5    0.533098647    1.385755619
       1       6    1.593696459    1.979116595
       1       7    1.954697032    1.932856912
       1       8    2.829418455    3.022543054
       1       9    3.221144585    3.333668191
       1      10    4.820739532    5.147031680
       1      11    5.372861864    5.628284663
       1      12    7.103130194    9.011609403
       1      13    7.277967588    9.221062129
  0.041666667  0.041666667  0.000000000      13
       1       1  -21.699042670  -25.665479847
       1       2   -9.538199456  -12.401471306
       1       3   -6.164614887   -9.013824784
       1       4   -5.959289614   -8.776698848
       1       5    0.647680451    1.502290630
       1       6    1.698306987    2.091343880
       1       7    2.065983680    2.044505410
       1       8    2.934459750    3.129779606
       1       9    3.333258366    3.446906657
       1      10    4.912584219    5.254340916
       1      11    5.485026587    5.744539386
       1      12    7.078738780    8.955952557
       1      13    7.285325872    8.192004280
  0.041666667  0.083333333  0.000000000      13
       1       1  -21.566753960  -25.528014737
       1       2   -9.358436374  -12.202127951
       1       3   -6.662996881   -9.563043782
       1       4   -6.213111435   -9.043376340
       1       5    0.872685905    1.732614443
       1       6    1.906012496    2.316354575
       1       7    2.288254606    2.267342399
       1       8    3.142939462    3.343758934
       1       9    3.555801391    3.671924851
       1      10    5.087291484    5.471015683
       1      11    5.703161898    5.977083908
       1      12    7.045805470    8.866353217
       1      13    7.246343368    8.306428497
  0.041666667  0.125000000  0.000000000      13
       1       1  -21.370519507  -25.323266834
       1       2   -9.091352646  -11.907027312
       1       3   -7.341792492  -10.309394448
       1       4   -6.545584013   -9.395254792
       1       5    1.202787540    2.073070875
       1       6    2.212450961    2.655975531
       1       7    2.621076395    2.600729537
       1       8    3.450016154    3.663483625
       1       9    3.886049517    4.006867904
       1      10    5.313596524    5.805308283
       1      11    6.008995723    6.344297415
       1      12    7.012824651    8.720758681
       1      13    7.097699833    8.255035691
  0.041666667  0.166666667  0.000000000      13
       1       1  -21.113369926  -25.054866747
       1       2   -8.740449768  -11.518630906
       1       3   -8.144109277  -11.188960296
       1       4   -6.917465588   -9.791375674
       1       5    1.633616950    2.520680157
       1       6    2.605353565    3.116275970
       1       7    3.064017763    3.044133842
       1       8    3.840713215    4.088753448
       1       9    4.320451786    4.450889299
       1      10    5.485592687    6.244595630
       1      11    6.341312031    6.958320196
       1      12    6.913106757    7.869976428
       1      13    7.049908998    8.444954668
  0.041666667  0.208333333  0.000000000      13
       1       1  -20.800131146  -24.729526019
       1       2   -9.017331054  -12.142546186
       1       3   -8.311255729  -11.042858121
       1       4   -7.295751501  -10.196260138
       1       5    2.161344936    3.073242436
       1       6    3.040085243    3.720202506
       1       7    3.616573813    3.597272152
       1       8    4.254161497    4.625199022
       1       9    4.852522129    5.007058568
       1      10    5.430660791    6.369021603
       1      11    6.536226465    7.709425322
       1      12    7.006863712    7.539638056
       1      13    7.338074348    8.102071324
  0.041666667  0.250000000  0.000000000      13
       1       1  -20.438404085  -24.354509446
       1       2   -9.914971644  -13.118054925
       1       3   -7.812544338  -10.486669543
       1       4   -7.654927882  -10.581757309
       1       5    2.780598668    3.728293555
       1       6    3.299605509    4.440055318
       1       7    4.277738664    4.260240737
       1       8    4.523025656    5.017773368
       1       9    5.461469731    5.701781139
       1      10    5.517956735    6.023119681
       1      11    6.600153647    7.916168491
       1      12    7.461216338    7.807480536
       1      13    7.903942037    8.360894332
  0.041666667  0.291666667  0.000000000      13
       1       1  -20.040328305  -23.943023887
       1       2  -10.795535961  -14.071453013
       1       3   -7.976212689  -10.927248880
       1       4   -7.258429600   -9.867775268
       1       5    2.939617662    4.402262763
       1       6    3.480001765    4.481127610
       1       7    4.961072190    5.299587690
       1       8    5.044072721    5.036545204
       1       9    6.041612937    6.690353672
       1      10    6.092497525    6.372079845
       1      11    6.774942073    7.735556641
       1      12    8.121643175    8.424416217
       1      13    8.628257064    8.996044250
  0.041666667  0.333333333  0.000000000      13
       1       1  -19.625704066  -23.517697427
       1       2  -11.617720534  -14.956854709
       1       3   -8.246172833  -11.217898538
       1       4   -6.672511829   -9.212865674
       1       5    2.203885727    3.657503133
       1       6    4.229464834    5.318323351
       1       7    5.710694794    6.063525051
       1       8    5.889986109    6.006952938
       1       9    6.370468366    7.423726396
       1      10    6.895946509    7.129421326
       1      11    7.379388513    7.752052574
       1      12    8.911258082    9.219008249
       1      13    9.464403722    9.817456422
  0.041666667  0.375000000  0.000000000      13
       1       1  -19.227131601  -23.103519024
       1       2  -12.333704500  -15.723019862
       1       3   -8.455680863  -11.443804579
       1       4   -6.096110045   -8.570456706
       1       5    1.424714768    2.813493044
       1       6    4.937771267    6.179728228
       1       7    6.485189183    7.516427002
       1       8    6.620227983    7.035013134
       1       9    7.002556843    7.153461768
       1      10    7.830687427    8.055593127
       1      11    8.284633263    8.508754262
       1      12    9.785533946   10.138302232
       1      13   10.360660356   10.813822065
  0.041666667  0.416666667  0.000000000      13
       1       1  -18.896172289  -22.770413975
       1       2  -12.881519464  -16.305893716
       1       3   -8.598437230  -11.597777430
       1       4   -5.601631390   -8.026157304
       1       5    0.767058975    2.100222197
       1       6    5.406386607    6.818240209
       1       7    7.037545377    8.080028539
       1       8    7.632834661    8.146236952
       1       9    8.072858907    8.088615673
       1      10    8.862029393    9.099259205
       1      11    9.314498257    9.554023559
       1      12   10.284538967   11.415034405
       1      13   10.583020066   11.162169405
  0.041666667  0.458333333  0.000000000      13
       1       1  -18.701817535  -22.570227292
       1       2  -13.185824507  -16.628427967
       1       3   -8.670757248  -11.675645015
       1       4   -5.300928636   -7.701627965
       1       5    0.377818990    1.684322322
       1       6    5.578272595    7.052266599
       1       7    7.886054590    8.967517653
       1       8    8.668342717    9.401123164
       1       9    9.095213376    9.981230338
       1      10    9.316944147    9.491615585
       1      11    9.778010054   10.214270124
       1      12   10.283757494   10.577901543
       1      13   10.516480631   10.642436219
  0.041666667  0.500000000  0.000000000      13
       1       1  -18.701817535  -22.570261067
       1       2  -13.185824508  -16.628300901
       1       3   -8.670757248  -11.675711583
       1       4   -5.300928636   -7.701637016
       1       5    0.377818991    1.684341908
       1       6    5.578272595    7.052482636
       1       7    7.886054590    8.966921111
       1       8    8.668342716    9.401047177
       1       9    9.095213376    9.981642465
       1      10    9.316944147    9.491635355
       1      11    9.778010055   10.214324595
       1      12   10.283757494   10.577912581
       1      13   10.516480631   10.642297966
  0.041666667  0.541666667  0.000000000      13
       1       1  -18.896172294  -22.770587239
       1       2  -12.881519454  -16.305528429
       1       3   -8.598437228  -11.597963308
       1       4   -5.601631401   -8.026181528
       1       5    0.767058991    2.100283651
       1       6    5.406386600    6.818870163
       1       7    7.037545358    8.079239534
       1       8    7.632834635    8.146180033
       1       9    8.072858880    8.088550646
       1      10    8.862029367    9.099209620
       1      11    9.314498232    9.553829054
       1      12   10.284538989   11.415392455
       1      13   10.583020055   11.162180020
  0.041666667  0.583333333  0.000000000      13
       1       1  -19.227131600  -23.103635784
       1       2  -12.333704501  -15.722478743
       1       3   -8.455680865  -11.444118811
       1       4   -6.096110046   -8.570493864
       1       5    1.424714772    2.813588524
       1       6    4.937771267    6.180424124
       1       7    6.485189181    7.515925028
       1       8    6.620227982    7.034966368
       1       9    7.002556843    7.153282278
       1      10    7.830687427    8.055550090
       1      11    8.284633262    8.508454967
       1      12    9.785533945   10.138245483
       1      13   10.360660355   10.813498601
  0.041666667  0.625000000  0.000000000      13
       1       1  -19.625704065  -23.517926446
       1       2  -11.617720534  -14.956173733
       1       3   -8.246172835  -11.218296995
       1       4   -6.672511830   -9.212902262
       1       5    2.203885731    3.657627654
       1       6    4.229464834    5.318791014
       1       7    5.710694793    6.063494154
       1       8    5.889986109    6.007025355
       1       9    6.370468363    7.423511413
       1      10    6.895946509    7.129386672
       1      11    7.379388511    7.751558425
       1      12    8.911258081    9.218958875
       1      13    9.464403720    9.817024136
  0.041666667  0.666666667  0.000000000      13
       1       1  -20.040328313  -23.943192464
       1       2  -10.795535939  -14.070651634
       1       3   -7.976212685  -10.927756901
       1       4   -7.258429615   -9.867817197
       1       5    2.939617682    4.402398795
       1       6    3.480001748    4.481416113
       1       7    4.961072175    5.299578366
       1       8    5.044072701    5.036582674
       1       9    6.041612924    6.690671814
       1      10    6.092497508    6.372053989
       1      11    6.774942060    7.734914492
       1      12    8.121643157    8.424376656
       1      13    8.628257042    8.995513084
  0.041666667  0.708333333  0.000000000      13
       1       1  -20.438404084  -24.354728946
       1       2   -9.914971640  -13.117175390
       1       3   -7.812544339  -10.486719792
       1       4   -7.654927888  -10.582341757
       1       5    2.780598668    3.728478963
       1       6    3.299605511    4.440131116
       1       7    4.277738664    4.260274720
       1       8    4.523025658    5.017820036
       1       9    5.461469731    5.702023194
       1      10    5.517956736    6.023131270
       1      11    6.600153639    7.915880874
       1      12    7.461216338    7.807458120
       1      13    7.903942033    8.360187512
  0.041666667  0.750000000  0.000000000      13
       1       1  -20.800131146  -24.729608318
       1       2   -9.017331046  -12.141604395
       1       3   -8.311255730  -11.042912062
       1       4   -7.295751511  -10.196894424
       1       5    2.161344936    3.073351834
       1       6    3.040085244    3.720219702
       1       7    3.616573813    3.597283493
       1       8    4.254161498    4.625229086
       1       9    4.852522129    5.007182091
       1      10    5.430660794    6.369105922
       1      11    6.536226458    7.709558553
       1      12    7.006863713    7.539654564
       1      13    7.338074338    8.101023533
  0.041666667  0.791666667  0.000000000      13
       1       1  -21.113369932  -25.054951584
       1       2   -8.740449778  -11.518684373
       1       3   -8.144109244  -11.188055447
       1       4   -6.917465595   -9.791990615
       1       5    1.633616938    2.520734307
       1       6    2.605353555    3.116282609
       1       7    3.064017751    3.044136852
       1       8    3.840713205    4.088762568
       1       9    4.320451775    4.450949332
       1      10    5.485592687    6.244660774
       1      11    6.341312023    6.958691388
       1      12    6.913106763    7.870056535
       1      13    7.049908973    8.443764847
  0.041666667  0.833333333  0.000000000      13
       1       1  -21.370519507  -25.323395646
       1       2   -9.091352647  -11.907069308
       1       3   -7.341792468  -10.308647776
       1       4   -6.545584040   -9.395717199
       1       5    1.202787540    2.073084742
       1       6    2.212450961    2.655980024
       1       7    2.621076395    2.600722378
       1       8    3.450016154    3.663485993
       1       9    3.886049517    4.006890591
       1      10    5.313596524    5.805340068
       1      11    6.008995724    6.344471357
       1      12    7.012824618    8.719806703
       1      13    7.097699836    8.255154651
  0.041666667  0.875000000  0.000000000      13
       1       1  -21.566753959  -25.528071417
       1       2   -9.358436374  -12.202141918
       1       3   -6.662996841   -9.562578149
       1       4   -6.213111478   -9.043572629
       1       5    0.872685905    1.732598715
       1       6    1.906012496    2.316356247
       1       7    2.288254606    2.267338344
       1       8    3.142939462    3.343759062
       1       9    3.555801391    3.671932869
       1      10    5.087291484    5.471033746
       1      11    5.703161898    5.977119552
       1      12    7.045805420    8.865748789
       1      13    7.246343370    8.306521358
  0.083333333  0.083333333  0.000000000      13
       1       1  -21.403001001  -25.356587114
       1       2   -9.135602008  -11.955764864
       1       3   -7.200864709  -10.156358977
       1       4   -6.532514282   -9.380708735
       1       5    1.149520360    2.017322319
       1       6    2.161984616    2.599116641
       1       7    2.565785118    2.545364647
       1       8    3.399528993    3.610320208
       1       9    3.832476089    3.951463335
       1      10    5.280469341    5.748603678
       1      11    5.974791337    6.260885702
       1      12    7.107988522    8.917594198
       1      13    7.128427383    8.284432240
  0.083333333  0.125000000  0.000000000      13
       1       1  -21.176996735  -25.120979873
       1       2   -8.827431721  -11.615259637
       1       3   -7.882290002  -10.904974096
       1       4   -6.920676388   -9.793770984
       1       5    1.530678582    2.411371060
       1       6    2.509935996    2.999848838
       1       7    2.953812753    2.933812744
       1       8    3.746550422    3.982490376
       1       9    4.216654468    4.340485374
       1      10    5.465385925    6.144239243
       1      11    6.335329064    6.679096208
       1      12    6.949964626    7.992410633
       1      13    7.179454107    8.910899646
  0.083333333  0.166666667  0.000000000      13
       1       1  -20.892623255  -24.826321187
       1       2   -8.668186631  -11.763546826
       1       3   -8.438366332  -11.184343631
       1       4   -7.328226086  -10.231054247
       1       5    2.012320763    2.912333167
       1       6    2.922801517    3.532982710
       1       7    3.451933413    3.432271249
       1       8    4.147880931    4.464664168
       1       9    4.704669682    4.838671139
       1      10    5.477487992    6.425311260
       1      11    6.706858941    7.398181939
       1      12    6.944219991    7.589138320
       1      13    7.309631563    8.677218123
  0.083333333  0.208333333  0.000000000      13
       1       1  -20.555991095  -24.476822586
       1       2   -9.513476831  -12.682858952
       1       3   -7.975414258  -10.668578718
       1       4   -7.721491915  -10.655347795
       1       5    2.590392113    3.518102943
       1       6    3.281188773    4.227420467
       1       7    4.059596187    4.040483110
       1       8    4.465997651    4.975758214
       1       9    5.288969132    5.450526181
       1      10    5.442851050    6.122201031
       1      11    6.898467294    8.166093520
       1      12    7.290959437    7.676007730
       1      13    7.707384871    8.408242259
  0.083333333  0.250000000  0.000000000      13
       1       1  -20.176751589  -24.085163587
       1       2  -10.373508466  -13.612655082
       1       3   -8.078771334  -11.042086233
       1       4   -7.449747249  -10.081581234
       1       5    3.177260773    4.585824071
       1       6    3.258520027    4.225922505
       1       7    4.773387975    5.150281314
       1       8    4.775579343    4.758753258
       1       9    5.862417988    6.189309346
       1      10    5.942542677    6.215380282
       1      11    6.976795803    8.311590440
       1      12    7.875955265    8.188716211
       1      13    8.353792612    8.804946442
  0.083333333  0.291666667  0.000000000      13
       1       1  -19.770430542  -23.666875195
       1       2  -11.204928803  -14.508647087
       1       3   -8.385755675  -11.374832836
       1       4   -6.879531282   -9.444329327
       1       5    2.554919841    4.031304589
       1       6    4.002742493    5.030161325
       1       7    5.416398942    5.759848993
       1       8    5.595178264    5.593256953
       1       9    6.517116976    7.320912246
       1      10    6.585652241    6.830598719
       1      11    7.226827720    8.062979512
       1      12    8.604215248    8.910848771
       1      13    9.136441285    9.523696850
  0.083333333  0.333333333  0.000000000      13
       1       1  -19.362437082  -23.245584436
       1       2  -11.961834276  -15.319509607
       1       3   -8.632702906  -11.642816614
       1       4   -6.295885969   -8.791807109
       1       5    1.788284056    3.209749092
       1       6    4.784579440    5.913342948
       1       7    6.257372690    6.653880088
       1       8    6.468795016    6.747062541
       1       9    6.834275724    7.814816749
       1      10    7.458827798    7.686345764
       1      11    7.944834881    8.264166483
       1      12    9.427665631    9.768364759
       1      13   10.010741741   10.417993123
  0.083333333  0.375000000  0.000000000      13
       1       1  -18.993931090  -22.870684156
       1       2  -12.588779961  -15.987770980
       1       3   -8.813210710  -11.838647186
       1       4   -5.753453444   -8.190204257
       1       5    1.069801655    2.427556467
       1       6    5.484517013    6.790265023
       1       7    6.975106072    8.081609594
       1       8    7.215204883    7.701565321
       1       9    7.647398577    7.722999675
       1      10    8.438167926    8.671037269
       1      11    8.912305443    9.137055792
       1      12   10.265964375   10.738290285
       1      13   10.686559557   11.682695269
  0.083333333  0.416666667  0.000000000      13
       1       1  -18.725738574  -22.597872842
       1       2  -13.015500765  -16.439286938
       1       3   -8.923060452  -11.958118431
       1       4   -5.344032389   -7.743684029
       1       5    0.540776325    1.857271197
       1       6    5.884288261    7.350529968
       1       7    7.600850945    8.677014161
       1       8    8.233623072    8.887826081
       1       9    8.781490245    8.792430794
       1      10    9.466099926    9.756810762
       1      11    9.691746998   10.638270391
       1      12   10.159156576   10.542583309
       1      13   10.554965964   11.249520561
  0.083333333  0.458333333  0.000000000      13
       1       1  -18.625526430  -22.487617653
       1       2  -13.169136888  -16.601254004
       1       3   -8.959930449  -11.998068953
       1       4   -5.186415182   -7.574977259
       1       5    0.341242341    1.645621021
       1       6    5.986543133    7.492172032
       1       7    8.288575206    9.455360876
       1       8    8.943796617    9.919888036
       1       9    8.972011933    9.988932354
       1      10    9.771546489   10.120548289
       1      11   10.033444833   10.013646790
       1      12   10.079249224   10.087734784
       1      13   10.576749094   10.724261553
  0.083333333  0.500000000  0.000000000      13
       1       1  -18.725738573  -22.597949900
       1       2  -13.015500765  -16.439053073
       1       3   -8.923060453  -11.958218503
       1       4   -5.344032391   -7.743706783
       1       5    0.540776329    1.857318553
       1       6    5.884288260    7.351022486
       1       7    7.600850943    8.676199580
       1       8    8.233623070    8.887754705
       1       9    8.781490245    8.792389208
       1      10    9.466099925    9.756777712
       1      11    9.691746998   10.638624843
       1      12   10.159156576   10.542514123
       1      13   10.554965967   11.249666622
  0.083333333  0.541666667  0.000000000      13
       1       1  -18.993931088  -22.870857246
       1       2  -12.588779961  -15.987327481
       1       3   -8.813210712  -11.838852117
       1       4   -5.753453447   -8.190240683
       1       5    1.069801661    2.427648263
       1       6    5.484517013    6.790961157
       1       7    6.975106068    8.080935770
       1       8    7.215204881    7.701512011
       1       9    7.647398577    7.722879624
       1      10    8.438167925    8.670992019
       1      11    8.912305442    9.136776043
       1      12   10.265964372   10.738256013
       1      13   10.686559555   11.682761187
  0.083333333  0.583333333  0.000000000      13
       1       1  -19.362437071  -23.245699505
       1       2  -11.961834292  -15.318941421
       1       3   -8.632702915  -11.643128042
       1       4   -6.295885958   -8.791849904
       1       5    1.788284046    3.209862909
       1       6    4.784579459    5.913840376
       1       7    6.257372711    6.653847496
       1       8    6.468795034    6.747130308
       1       9    6.834275729    7.814484251
       1      10    7.458827820    7.686309054
       1      11    7.944834899    8.263727524
       1      12    9.427665650    9.768321668
       1      13   10.010741760   10.417573977
  0.083333333  0.625000000  0.000000000      13
       1       1  -19.770430540  -23.667009018
       1       2  -11.204928800  -14.507967871
       1       3   -8.385755681  -11.375226535
       1       4   -6.879531284   -9.444378410
       1       5    2.554919850    4.031441639
       1       6    4.002742494    5.030455464
       1       7    5.416398942    5.759832723
       1       8    5.595178264    5.593310027
       1       9    6.517116972    7.321182789
       1      10    6.585652241    6.830573557
       1      11    7.226827711    8.062328582
       1      12    8.604215247    8.910818149
       1      13    9.136441280    9.523174143
  0.083333333  0.666666667  0.000000000      13
       1       1  -20.176751587  -24.085309004
       1       2  -10.373508460  -13.611893661
       1       3   -8.078771345  -11.042541379
       1       4   -7.449747251  -10.081631200
       1       5    3.177260781    4.585968137
       1       6    3.258520028    4.226097669
       1       7    4.773387977    5.150298250
       1       8    4.775579343    4.758784855
       1       9    5.862417988    6.189302377
       1      10    5.942542677    6.215636401
       1      11    6.976795789    8.311287760
       1      12    7.875955264    8.188693759
       1      13    8.353792604    8.804288543
  0.083333333  0.708333333  0.000000000      13
       1       1  -20.555991085  -24.477045913
       1       2   -9.513476839  -12.682079494
       1       3   -7.975414248  -10.668632816
       1       4   -7.721491941  -10.655814952
       1       5    2.590392128    3.518201954
       1       6    3.281188781    4.227481468
       1       7    4.059596202    4.040499349
       1       8    4.465997659    4.975816764
       1       9    5.288969147    5.450651044
       1      10    5.442851057    6.122249625
       1      11    6.898467283    8.166212174
       1      12    7.290959449    7.676005201
       1      13    7.707384868    8.407309227
  0.083333333  0.750000000  0.000000000      13
       1       1  -20.892623253  -24.826491412
       1       2   -8.668186609  -11.762839687
       1       3   -8.438366334  -11.184401868
       1       4   -7.328226114  -10.231429636
       1       5    2.012320763    2.912371038
       1       6    2.922801518    3.532999007
       1       7    3.451933413    3.432280306
       1       8    4.147880933    4.464688582
       1       9    4.704669682    4.838728461
       1      10    5.477487997    6.425405154
       1      11    6.706858938    7.398584166
       1      12    6.944219994    7.589187028
       1      13    7.309631524    8.676190756
  0.083333333  0.791666667  0.000000000      13
       1       1  -21.176996734  -25.121066471
       1       2   -8.827431722  -11.615313653
       1       3   -7.882289965  -10.904522416
       1       4   -6.920676431   -9.793907653
       1       5    1.530678582    2.411359911
       1       6    2.509935996    2.999855891
       1       7    2.953812753    2.933811883
       1       8    3.746550422    3.982502248
       1       9    4.216654468    4.340501257
       1      10    5.465385928    6.144307174
       1      11    6.335329065    6.679246929
       1      12    6.949964631    7.992520641
       1      13    7.179454049    8.910323964
  0.125000000  0.125000000  0.000000000      13
       1       1  -20.923624667  -24.856283869
       1       2   -8.521658907  -11.605701181
       1       3   -8.480942190  -11.231504993
       1       4   -7.370186598  -10.275143728
       1       5    1.963291453    2.859053473
       1       6    2.881132642    3.471704841
       1       7    3.397111915    3.377366762
       1       8    4.108961241    4.410850890
       1       9    4.655494054    4.783499222
       1      10    5.493369163    6.428137864
       1      11    6.766063707    7.119419030
       1      12    6.932127208    7.623640146
       1      13    7.398802553    9.154913884
  0.125000000  0.166666667  0.000000000      13
       1       1  -20.615374820  -24.539655656
       1       2   -9.244530728  -12.392085050
       1       3   -8.057587082  -10.760442658
       1       4   -7.828114352  -10.770192294
       1       5    2.496799401    3.413839504
       1       6    3.246728692    4.100129773
       1       7    3.950566489    3.931003330
       1       8    4.436267989    4.918706650
       1       9    5.198782348    5.335594494
       1      10    5.436903961    6.217489789
       1      11    7.213634314    7.629576049
       1      12    7.218481141    7.899655630
       1      13    7.652080303    9.111874846
  0.125000000  0.208333333  0.000000000      13
       1       1  -20.260035848  -24.171906537
       1       2  -10.022304470  -13.231873581
       1       3   -8.250270080  -11.230276908
       1       4   -7.566269403  -10.212063119
       1       5    3.126680273    4.073512406
       1       6    3.300948228    4.633009021
       1       7    4.613590202    4.594438027
       1       8    4.689501050    5.116157107
       1       9    5.739386906    6.118675213
       1      10    5.838782631    6.001273546
       1      11    7.449221146    8.798894618
       1      12    7.731536977    8.055252767
       1      13    8.159047420    8.877940859
  0.125000000  0.250000000  0.000000000      13
       1       1  -19.869946055  -23.768368836
       1       2  -10.813251611  -14.082284023
       1       3   -8.615292262  -11.629670086
       1       4   -7.021317330   -9.602971345
       1       5    2.820732296    4.306945043
       1       6    3.845818070    4.835080875
       1       7    5.230014700    5.574327220
       1       8    5.384891115    5.368039744
       1       9    6.382172717    6.640983077
       1      10    6.547395311    6.823956992
       1      11    7.550208235    8.944899144
       1      12    8.397251386    8.706629095
       1      13    8.884096357    9.381560111
  0.125000000  0.291666667  0.000000000      13
       1       1  -19.465014501  -23.355446824
       1       2  -11.569697220  -14.890795190
       1       3   -8.913783027  -11.956839717
       1       4   -6.446479286   -8.959478209
       1       5    2.111754988    3.562506914
       1       6    4.638732646    5.692707664
       1       7    5.998521507    6.386800375
       1       8    6.259245998    6.259521545
       1       9    7.153055182    8.035762232
       1      10    7.191075372    7.423157570
       1      11    7.837232470    8.654608078
       1      12    9.159349571    9.500289883
       1      13    9.717746544   10.180253533
  0.125000000  0.333333333  0.000000000      13
       1       1  -19.077526763  -22.956577367
       1       2  -12.237627256  -15.602637068
       1       3   -9.140857613  -12.206214086
       1       4   -5.882665661   -8.330813684
       1       5    1.384628967    2.770388005
       1       6    5.462080079    6.626901047
       1       7    6.893637306    7.371185261
       1       8    7.164589038    7.606911936
       1       9    7.482716015    8.384423195
       1      10    8.110342115    8.344343994
       1      11    8.623058813    8.932403293
       1      12    9.946300612   10.404418094
       1      13   10.570832342   11.212740501
  0.125000000  0.375000000  0.000000000      13
       1       1  -18.757573866  -22.631646427
       1       2  -12.752128339  -16.147056013
       1       3   -9.293685652  -12.373675846
       1       4   -5.400741123   -7.800010143
       1       5    0.771455560    2.104265310
       1       6    6.175770817    7.537687276
       1       7    7.618613344    8.795178613
       1       8    7.856000261    8.496814524
       1       9    8.409376384    8.455285595
       1      10    9.094918471    9.366256582
       1      11    9.615855679    9.916904761
       1      12   10.514387940   11.254245792
       1      13   10.515559003   11.668273113
  0.125000000  0.416666667  0.000000000      13
       1       1  -18.570689957  -22.438954333
       1       2  -13.038418340  -16.448022143
       1       3   -9.370498228  -12.458113707
       1       4   -5.108546655   -7.484547443
       1       5    0.407804532    1.715627141
       1       6    6.532199017    8.054160548
       1       7    8.232772626    9.381287230
       1       8    8.729300176    9.725943610
       1       9    9.417517781   10.287695970
       1      10    9.658734667    9.885154132
       1      11    9.897244441   10.340530031
       1      12   10.567230702   10.866888724
       1      13   10.831456723   10.971017013
  0.125000000  0.458333333  0.000000000      13
       1       1  -18.570689956  -22.438977550
       1       2  -13.038418340  -16.447929039
       1       3   -9.370498228  -12.458141785
       1       4   -5.108546657   -7.484558333
       1       5    0.407804535    1.715655025
       1       6    6.532199017    8.054463064
       1       7    8.232772624    9.380537489
       1       8    8.729300173    9.725877027
       1       9    9.417517781   10.288165168
       1      10    9.658734667    9.885179680
       1      11    9.897244444   10.340611097
       1      12   10.567230703   10.866896749
       1      13   10.831456723   10.970854475
  0.125000000  0.500000000  0.000000000      13
       1       1  -18.757573864  -22.631788820
       1       2  -12.752128340  -16.146709835
       1       3   -9.293685654  -12.373799213
       1       4   -5.400741127   -7.800042406
       1       5    0.771455568    2.104348393
       1       6    6.175770818    7.538319519
       1       7    7.618613338    8.794359088
       1       8    7.856000258    8.496755937
       1       9    8.409376384    8.455190028
       1      10    9.094918469    9.366226351
       1      11    9.615855678    9.916688288
       1      12   10.514387941   11.254333106
       1      13   10.515559003   11.668667964
  0.125000000  0.541666667  0.000000000      13
       1       1  -19.077526760  -22.956823910
       1       2  -12.237627255  -15.602121760
       1       3   -9.140857617  -12.206401738
       1       4   -5.882665665   -8.330857779
       1       5    1.384628979    2.770512328
       1       6    5.462080080    6.627372406
       1       7    6.893637304    7.371147136
       1       8    7.164589036    7.606928146
       1       9    7.482716009    8.384038371
       1      10    8.110342114    8.344313026
       1      11    8.623058810    8.931994531
       1      12    9.946300608   10.404394184
       1      13   10.570832337   11.212388981
  0.125000000  0.583333333  0.000000000      13
       1       1  -19.465014497  -23.355648825
       1       2  -11.569697217  -14.890194277
       1       3   -8.913783036  -11.957104827
       1       4   -6.446479290   -8.959533014
       1       5    2.111755002    3.562657355
       1       6    4.638732647    5.692981532
       1       7    5.998521506    6.386779638
       1       8    6.259245998    6.259568302
       1       9    7.153055177    8.036000714
       1      10    7.191075371    7.423129190
       1      11    7.837232459    8.653945311
       1      12    9.159349568    9.500260336
       1      13    9.717746537   10.179715376
  0.125000000  0.625000000  0.000000000      13
       1       1  -19.869946052  -23.768489034
       1       2  -10.813251603  -14.081657074
       1       3   -8.615292276  -11.629951846
       1       4   -7.021317334   -9.603013196
       1       5    2.820732310    4.307109874
       1       6    3.845818071    4.835222834
       1       7    5.230014701    5.574327668
       1       8    5.384891115    5.368065354
       1       9    6.382172717    6.640971752
       1      10    6.547395312    6.824190600
       1      11    7.550208214    8.944610089
       1      12    8.397251385    8.706611627
       1      13    8.884096347    9.380902822
  0.125000000  0.666666667  0.000000000      13
       1       1  -20.260035845  -24.172035318
       1       2  -10.022304454  -13.231297026
       1       3   -8.250270103  -11.230502471
       1       4   -7.566269406  -10.212131695
       1       5    3.126680273    4.073576725
       1       6    3.300948238    4.633152522
       1       7    4.613590202    4.594452504
       1       8    4.689501053    5.116195426
       1       9    5.739386908    6.118685127
       1      10    5.838782632    6.001368107
       1      11    7.449221123    8.799079131
       1      12    7.731536977    8.055244882
       1      13    8.159047398    8.877082387
  0.125000000  0.708333333  0.000000000      13
       1       1  -20.615374817  -24.539783663
       1       2   -9.244530700  -12.391653374
       1       3   -8.057587085  -10.760501376
       1       4   -7.828114388  -10.770250857
       1       5    2.496799401    3.413843473
       1       6    3.246728695    4.100185046
       1       7    3.950566489    3.931004283
       1       8    4.436267994    4.918770236
       1       9    5.198782349    5.335618582
       1      10    5.436903968    6.217576229
       1      11    7.213634316    7.629597769
       1      12    7.218481138    7.900051684
       1      13    7.652080246    9.111115383
  0.166666667  0.166666667  0.000000000      13
       1       1  -20.288026915  -24.202263096
       1       2   -9.871721641  -13.069194365
       1       3   -8.343398124  -11.331251765
       1       4   -7.605352600  -10.255691079
       1       5    3.082746356    4.022808052
       1       6    3.335903743    4.631448365
       1       7    4.559462257    4.539904153
       1       8    4.668399195    5.116451006
       1       9    5.702684810    6.106569659
       1      10    5.798583634    5.941304455
       1      11    7.684255145    8.012942235
       1      12    7.821580735    8.579490059
       1      13    8.004020874    9.478695850
  0.166666667  0.208333333  0.000000000      13
       1       1  -19.920579989  -23.821555747
       1       2  -10.542646919  -13.786954334
       1       3   -8.812414109  -11.847158324
       1       4   -7.093347731   -9.683339402
       1       5    2.963173601    4.449637183
       1       6    3.764884719    4.736609144
       1       7    5.142460896    5.492232301
       1       8    5.277983488    5.258636912
       1       9    6.282462937    6.551561484
       1      10    6.496388760    6.659043701
       1      11    8.133472919    9.644021637
       1      12    8.293244873    8.605305029
       1      13    8.634934568    9.363052881
  0.166666667  0.250000000  0.000000000      13
       1       1  -19.528862448  -23.420216021
       1       2  -11.228208548  -14.516422670
       1       3   -9.202220433  -12.279133678
       1       4   -6.539897557   -9.063553577
       1       5    2.338803595    3.809865572
       1       6    4.535276032    5.552020401
       1       7    5.844337264    6.229820003
       1       8    6.104834311    6.087509243
       1       9    7.029599509    7.266104406
       1      10    7.266343301    7.528740276
       1      11    8.264559047    9.765793971
       1      12    8.992361729    9.337305200
       1      13    9.446948944   10.078012081
  0.166666667  0.291666667  0.000000000      13
       1       1  -19.138216667  -23.018689821
       1       2  -11.878761631  -15.205704554
       1       3   -9.503637608  -12.613751347
       1       4   -5.976039799   -8.432974714
       1       5    1.651042854    3.062111141
       1       6    5.377258259    6.462079351
       1       7    6.674520527    7.153138206
       1       8    7.034787795    7.034666682
       1       9    7.885951608    8.123097511
       1      10    7.925555667    8.857772674
       1      11    8.560264031    9.422199872
       1      12    9.703858016   10.173816766
       1      13   10.303771337   11.004537370
  0.166666667  0.333333333  0.000000000      13
       1       1  -18.788498206  -22.662455723
       1       2  -12.430923423  -15.787369615
       1       3   -9.717034197  -12.850188164
       1       4   -5.455114605   -7.855008552
       1       5    1.013859918    2.366145697
       1       6    6.244045264    7.447486763
       1       7    7.565635699    8.220957303
       1       8    7.972849257    8.597797465
       1       9    8.260544757    9.078741576
       1      10    8.803881454    9.076691276
       1      11    9.389265177    9.723488790
       1      12   10.249992392   10.961070345
       1      13   10.863461521   12.051227078
  0.166666667  0.375000000  0.000000000      13
       1       1  -18.536475477  -22.408779444
       1       2  -12.810838698  -16.185498775
       1       3   -9.844229663  -12.991582091
       1       4   -5.064523885   -7.428979164
       1       5    0.543621536    1.859221875
       1       6    6.976109758    8.398419562
       1       7    8.341821252    9.605878915
       1       8    8.374722631    9.384707181
       1       9    9.274773277    9.309882215
       1      10    9.670932996   10.034871347
       1      11   10.086015199   11.075478400
       1      12   10.631183019   11.193443012
       1      13   10.669975409   11.100700278
  0.166666667  0.416666667  0.000000000      13
       1       1  -18.442981489  -22.309641862
       1       2  -12.948025942  -16.328550730
       1       3   -9.886499765  -13.038560216
       1       4   -4.914887182   -7.268831810
       1       5    0.365897095    1.670977889
       1       6    7.254486867    8.821755599
       1       7    8.693780635    9.915922740
       1       8    8.734990274   10.047501587
       1       9    9.569086832   10.621400003
       1      10   10.200747654   10.611981945
       1      11   10.523597664   10.506116853
       1      12   10.581467839   10.605416081
       1      13   10.867770512   10.975880312
  0.166666667  0.458333333  0.000000000      13
       1       1  -18.536475475  -22.408814225
       1       2  -12.810838698  -16.185278057
       1       3   -9.844229665  -12.991635357
       1       4   -5.064523889   -7.429004339
       1       5    0.543621544    1.859283612
       1       6    6.976109760    8.398944396
       1       7    8.341821245    9.604950272
       1       8    8.374722625    9.384651736
       1       9    9.274773277    9.309818718
       1      10    9.670932996   10.034901223
       1      11   10.086015199   11.075927116
       1      12   10.631183023   11.193541410
       1      13   10.669975409   11.100590455
  0.166666667  0.500000000  0.000000000      13
       1       1  -18.788498202  -22.662552011
       1       2  -12.430923423  -15.787010416
       1       3   -9.717034203  -12.850282841
       1       4   -5.455114610   -7.855053114
       1       5    1.013859932    2.366252788
       1       6    6.244045266    7.447893629
       1       7    7.565635695    8.220919886
       1       8    7.972849253    8.597724466
       1       9    8.260544750    9.078322971
       1      10    8.803881451    9.076676375
       1      11    9.389265173    9.723106699
       1      12   10.249992390   10.961138766
       1      13   10.863461517   12.051348204
  0.166666667  0.541666667  0.000000000      13
       1       1  -19.138216672  -23.018837350
       1       2  -11.878761612  -15.205260079
       1       3   -9.503637612  -12.613878057
       1       4   -5.976039819   -8.433032369
       1       5    1.651042888    3.062247748
       1       6    5.377258239    6.462294027
       1       7    6.674520504    7.153124457
       1       8    7.034787772    7.034711990
       1       9    7.885951584    8.123076431
       1      10    7.925555650    8.857985513
       1      11    8.560264002    9.421532627
       1      12    9.703857995   10.173820344
       1      13   10.303771309   11.004035455
  0.166666667  0.583333333  0.000000000      13
       1       1  -19.528862444  -23.420370043
       1       2  -11.228208538  -14.515958817
       1       3   -9.202220451  -12.279237472
       1       4   -6.539897562   -9.063620453
       1       5    2.338803615    3.810039936
       1       6    4.535276033    5.552105837
       1       7    5.844337263    6.229816156
       1       8    6.104834311    6.087527976
       1       9    7.029599508    7.266099435
       1      10    7.266343301    7.528937398
       1      11    8.264559016    9.765537960
       1      12    8.992361726    9.337297541
       1      13    9.446948931   10.077377424
  0.166666667  0.625000000  0.000000000      13
       1       1  -19.920579985  -23.821732227
       1       2  -10.542646900  -13.786598285
       1       3   -8.812414137  -11.847142856
       1       4   -7.093347736   -9.683407329
       1       5    2.963173620    4.449828552
       1       6    3.764884720    4.736619380
       1       7    5.142460897    5.492254334
       1       8    5.277983488    5.258641921
       1       9    6.282462937    6.551565180
       1      10    6.496388761    6.659087475
       1      11    8.133472881    9.644251652
       1      12    8.293244871    8.605306639
       1      13    8.634934547    9.362351201
  0.208333333  0.208333333  0.000000000      13
       1       1  -19.550520979  -23.443164891
       1       2  -11.077799022  -14.351181175
       1       3   -9.337470904  -12.430101683
       1       4   -6.571538283   -9.099017988
       1       5    2.421053827    3.899366326
       1       6    4.498407849    5.504234263
       1       7    5.793308581    6.178697317
       1       8    6.052008344    6.032674152
       1       9    6.975626795    7.213852421
       1      10    7.253010134    7.426568779
       1      11    8.752544802   10.553573169
       1      12    8.935428489    9.282534460
       1      13    9.166120859    9.777797446
  0.208333333  0.250000000  0.000000000      13
       1       1  -19.170050312  -23.054052924
       1       2  -11.617877166  -14.914294656
       1       3   -9.772915418  -12.917244032
       1       4   -6.024885509   -8.486617207
       1       5    1.805987541    3.232421010
       1       6    5.317666265    6.371550789
       1       7    6.563009918    7.044727462
       1       8    6.934256625    6.916761404
       1       9    7.771284858    8.010702527
       1      10    8.083790171    8.340160401
       1      11    9.009490004   10.664636418
       1      12    9.571667968   10.054070562
       1      13    9.958615443   10.830555262
  0.208333333  0.291666667  0.000000000      13
       1       1  -18.810593649  -22.686414691
       1       2  -12.123871679  -15.439009460
       1       3  -10.095966396  -13.281662503
       1       4   -5.493608229   -7.894482545
       1       5    1.200654386    2.569441025
       1       6    6.203117018    7.331085223
       1       7    7.379194237    8.056543585
       1       8    7.919013253    7.920795984
       1       9    8.617296867    8.894574097
       1      10    8.774509799    9.828646255
       1      11    9.332763920   10.205691328
       1      12   10.032140970   10.733671663
       1      13   10.738635101   11.872478760
  0.208333333  0.333333333  0.000000000      13
       1       1  -18.518331493  -22.391681103
       1       2  -12.529702351  -15.858426015
       1       3  -10.305909839  -13.518682748
       1       4   -5.044524291   -7.400348258
       1       5    0.692241229    2.017470975
       1       6    7.099764901    8.360694195
       1       7    8.078146528    9.134726719
       1       8    8.830137485    9.898994008
       1       9    9.117883556    9.584170922
       1      10    9.428283792    9.758441338
       1      11   10.173210195   10.686726092
       1      12   10.490260294   11.050017553
       1      13   10.976120629   12.109227528
  0.208333333  0.375000000  0.000000000      13
       1       1  -18.350067849  -22.223704975
       1       2  -12.759834502  -16.095202048
       1       3  -10.408851502  -13.634609242
       1       4   -4.775290118   -7.110034840
       1       5    0.390279722    1.695972716
       1       6    7.803087235    9.307761782
       1       7    8.412664957    9.790229260
       1       8    8.981544963   10.299066104
       1       9   10.108273801   10.846871180
       1      10   10.260398728   10.610227696
       1      11   10.364051537   10.837300020
       1      12   11.168269777   11.469623393
       1      13   11.456629789   11.637665147
  0.208333333  0.416666667  0.000000000      13
       1       1  -18.350067848  -22.223703162
       1       2  -12.759834502  -16.095135221
       1       3  -10.408851504  -13.634625945
       1       4   -4.775290120   -7.110058735
       1       5    0.390279727    1.696008800
       1       6    7.803087237    9.308096720
       1       7    8.412664952    9.790220900
       1       8    8.981544957   10.298299435
       1       9   10.108273802   10.847305532
       1      10   10.260398731   10.610273990
       1      11   10.364051537   10.837386775
       1      12   11.168269777   11.469627918
       1      13   11.456629788   11.637432014
  0.208333333  0.458333333  0.000000000      13
       1       1  -18.518331484  -22.391836749
       1       2  -12.529702358  -15.858202629
       1       3  -10.305909849  -13.518698782
       1       4   -5.044524288   -7.400401047
       1       5    0.692241233    2.017560476
       1       6    7.099764923    8.361005931
       1       7    8.078146532    9.134706916
       1       8    8.830137486    9.898664526
       1       9    9.117883572    9.583852629
       1      10    9.428283809    9.758470865
       1      11   10.173210210   10.686579956
       1      12   10.490260312   11.050087049
       1      13   10.976120627   12.109556447
  0.208333333  0.500000000  0.000000000      13
       1       1  -18.810593644  -22.686553377
       1       2  -12.123871674  -15.438713197
       1       3  -10.095966409  -13.281665828
       1       4   -5.493608237   -7.894545297
       1       5    1.200654406    2.569576441
       1       6    6.203117019    7.331215969
       1       7    7.379194232    8.056545644
       1       8    7.919013253    7.920834455
       1       9    8.617296863    8.894581498
       1      10    8.774509790    9.828760960
       1      11    9.332763901   10.205041463
       1      12   10.032140965   10.733729848
       1      13   10.738635096   11.872313000
  0.208333333  0.541666667  0.000000000      13
       1       1  -19.170050307  -23.054202358
       1       2  -11.617877155  -14.914036365
       1       3   -9.772915439  -12.917130486
       1       4   -6.024885517   -8.486686195
       1       5    1.805987565    3.232593335
       1       6    5.317666266    6.371570336
       1       7    6.563009915    7.044731739
       1       8    6.934256625    6.916767588
       1       9    7.771284855    8.010704187
       1      10    8.083790173    8.340275573
       1      11    9.009489959   10.664411929
       1      12    9.571667962   10.054100928
       1      13    9.958615440   10.830163388
  0.250000000  0.250000000  0.000000000      13
       1       1  -18.818571928  -22.693599456
       1       2  -11.980699136  -15.273966287
       1       3  -10.264884367  -13.476498148
       1       4   -5.507418403   -7.908752635
       1       5    1.271384945    2.646752505
       1       6    6.179439590    7.288323249
       1       7    7.314109697    8.001632900
       1       8    7.871120376    7.856589797
       1       9    8.552496761    8.831676134
       1      10    8.961366808    9.332317514
       1      11    9.534695761   11.204441248
       1      12    9.951183111   10.649117726
       1      13   10.512398484   11.620373449
  0.250000000  0.291666667  0.000000000      13
       1       1  -18.510949918  -22.387081870
       1       2  -12.299189384  -15.582134079
       1       3  -10.631333829  -13.899001090
       1       4   -5.037850611   -7.389178632
       1       5    0.789227048    2.121367201
       1       6    7.092267228    8.290076706
       1       7    7.906827831    8.996591136
       1       8    8.904766299    8.936902099
       1       9    9.292703069    9.606961608
       1      10    9.511428659   10.914480814
       1      11   10.099981890   10.762561124
       1      12   10.377743517   10.911242324
       1      13   11.133122465   12.384829570
  0.250000000  0.333333333  0.000000000      13
       1       1  -18.294561882  -22.174275784
       1       2  -12.528670088  -15.802845821
       1       3  -10.851433424  -14.155426512
       1       4   -4.692857931   -7.014132335
       1       5    0.436589773    1.744035908
       1       6    7.970290624    9.337990078
       1       7    8.124249805    9.520207258
       1       8    9.484024125   10.935623135
       1       9   10.089808315   10.173532211
       1      10   10.140890753   10.435843291
       1      11   10.783388739   11.844333419
       1      12   11.203893222   11.557051683
       1      13   11.505864894   12.033315812
  0.250000000  0.375000000  0.000000000      13
       1       1  -18.215645585  -22.093383047
       1       2  -12.613807917  -15.884685991
       1       3  -10.924101949  -14.240584143
       1       4   -4.562727754   -6.875213878
       1       5    0.303899563    1.604867351
       1       6    8.148083571    9.612936303
       1       7    8.450363272   10.033628933
       1       8    9.427301547   10.719002216
       1       9   10.621798621   11.818564089
       1      10   10.952818997   11.437175319
       1      11   11.338067511   11.332620119
       1      12   11.416143216   11.476283860
       1      13   11.510173813   11.619979070
  0.250000000  0.416666667  0.000000000      13
       1       1  -18.294561880  -22.174384451
       1       2  -12.528670085  -15.802738553
       1       3  -10.851433431  -14.155401671
       1       4   -4.692857937   -7.014168256
       1       5    0.436589785    1.744101159
       1       6    7.970290626    9.338180028
       1       7    8.124249796    9.520228193
       1       8    9.484024114   10.935092662
       1       9   10.089808314   10.173510768
       1      10   10.140890755   10.435875676
       1      11   10.783388737   11.844750690
       1      12   11.203893224   11.557078050
       1      13   11.505864893   12.033116729
  0.250000000  0.458333333  0.000000000      13
       1       1  -18.510949913  -22.387168898
       1       2  -12.299189377  -15.581996709
       1       3  -10.631333843  -13.898917338
       1       4   -5.037850620   -7.389239613
       1       5    0.789227070    2.121489111
       1       6    7.092267229    8.290110607
       1       7    7.906827819    8.996625970
       1       8    8.904766299    8.936920332
       1       9    9.292703067    9.606989731
       1      10    9.511428642   10.914346002
       1      11   10.099981878   10.762317122
       1      12   10.377743519   10.911283782
       1      13   11.133122465   12.384870463
  0.291666667  0.291666667  0.000000000      13
       1       1  -18.276217349  -22.157257362
       1       2  -12.403848715  -15.637052209
       1       3  -11.048393196  -14.399456817
       1       4   -4.665876021   -6.982261744
       1       5    0.458738668    1.767085770
       1       6    7.987101478    9.313407891
       1       7    8.014008152    9.414569969
       1       8    9.752138840   11.093068396
       1       9   10.065308192   10.331368429
       1      10   10.089944260   10.371624771
       1      11   10.920802575   11.801611324
       1      12   11.176427398   11.525297871
       1      13   11.641496275   12.504803353
  0.291666667  0.333333333  0.000000000      13
       1       1  -18.145434941  -22.025198302
       1       2  -12.447640402  -15.635226190
       1       3  -11.282681115  -14.695259458
       1       4   -4.450253313   -6.750513344
       1       5    0.267965864    1.567124237
       1       6    7.950367999    9.428679447
       1       7    8.689721492   10.243993466
       1       8    9.870623814   11.270583368
       1       9   11.002915744   12.034920578
       1      10   11.090164694   11.475667412
       1      11   11.312423312   11.564192106
       1      12   12.089405295   12.418887950
       1      13   12.334540139   12.590928433
  0.291666667  0.375000000  0.000000000      13
       1       1  -18.145434939  -22.025334533
       1       2  -12.447640398  -15.635211359
       1       3  -11.282681120  -14.695186514
       1       4   -4.450253317   -6.750532244
       1       5    0.267965872    1.567152892
       1       6    7.950367994    9.428703001
       1       7    8.689721493   10.244006045
       1       8    9.870623809   11.270399561
       1       9   11.002915742   12.035134309
       1      10   11.090164697   11.475678931
       1      11   11.312423312   11.564169541
       1      12   12.089405295   12.418892285
       1      13   12.334540140   12.590702756
  0.333333333  0.333333333  0.000000000      13
       1       1  -18.092930246  -21.976224288
       1       2  -12.383933047  -15.502979512
       1       3  -11.467406881  -14.955947227
       1       4   -4.362898379   -6.656367484
       1       5    0.208362275    1.505570466
       1       6    7.866556764    9.357484915
       1       7    8.956892561   10.618574895
       1       8   10.161399742   11.587618161
       1       9   10.950147096   12.050575331
       1      10   11.866909923   12.547177397
       1      11   12.268847885   12.591814549
       1      12   12.419462033   12.462719292
       1      13   12.481123675   12.483239988
