  0.000000000  0.000000000  0.000000000      13
       1       1  -21.798980541  -26.462545339
       1       2   -9.673880661  -12.877640767
       1       3   -5.754913083   -8.892128898
       1       4   -5.754912988   -8.892128802
       1       5    0.475130486    1.367974917
       1       6    1.541207148    1.939122897
       1       7    1.899006539    1.877965322
       1       8    2.776711235    2.975809089
       1       9    3.164832124    3.282448189
       1      10    4.773896764    5.106641130
       1      11    5.315982947    5.583424504
       1      12    7.127087541    9.161260759
       1      13    7.127087653    9.161260870
  0.000000000  0.041666667  0.000000000      13
       1       1  -21.765601050  -26.427226730
       1       2   -9.628530538  -12.826439401
       1       3   -5.896540678   -9.050329940
       1       4   -5.823095859   -8.963922205
       1       5    0.533098647    1.426762414
       1       6    1.593696459    1.995405221
       1       7    1.954697032    1.933871307
       1       8    2.829418455    3.029581219
       1       9    3.221144585    3.339357669
       1      10    4.820739532    5.160555353
       1      11    5.372861864    5.641873885
       1      12    7.103130194    9.108622449
       1      13    7.277967588    9.317741062
  0.000000000  0.083333333  0.000000000      13
       1       1  -21.665867461  -26.320890753
       1       2   -9.493129238  -12.674310434
       1       3   -6.301532481   -9.502635392
       1       4   -6.016458015   -9.168834517
       1       5    0.704266410    1.601507459
       1       6    1.750437492    2.164560044
       1       7    2.121572481    2.101283336
       1       8    2.986796151    3.190666971
       1       9    3.388978303    3.509158587
       1      10    4.957499844    5.323256517
       1      11    5.539202219    5.817784466
       1      12    7.042200485    8.979219923
       1      13    7.281498534    8.291157933
  0.000000000  0.125000000  0.000000000      13
       1       1  -21.501055637  -26.147074473
       1       2   -9.269076890  -12.421945980
       1       3   -6.918943035  -10.191945125
       1       4   -6.305373774   -9.477931299
       1       5    0.982851968    1.888623085
       1       6    2.008912758    2.447734602
       1       7    2.399188485    2.379559979
       1       8    3.246145750    3.458398929
       1       9    3.665682105    3.789923608
       1      10    5.168432687    5.599861577
       1      11    5.801093835    6.120724226
       1      12    6.971818978    8.805923143
       1      13    7.204378090    8.392816822
  0.000000000  0.166666667  0.000000000      13
       1       1  -21.273514639  -25.906143475
       1       2   -8.959106244  -12.072633966
       1       3   -7.687362081  -11.049775583
       1       4   -6.652928470   -9.852034765
       1       5    1.363626516    2.284548896
       1       6    2.362301398    2.848468751
       1       7    2.787077881    2.768094454
       1       8    3.599641024    3.832131814
       1       9    4.047922804    4.180134227
       1      10    5.399587301    6.006156686
       1      11    6.120461255    6.616386524
       1      12    6.943828565    8.557318176
       1      13    7.010159663    8.210076637
  0.000000000  0.208333333  0.000000000      13
       1       1  -20.987069151  -25.602253862
       1       2   -8.567629516  -11.630617668
       1       3   -8.548709875  -12.009404277
       1       4   -7.024211578  -10.253583253
       1       5    1.842637162    2.786803502
       1       6    2.789472069    3.379338324
       1       7    3.284780930    3.266484712
       1       8    4.020081868    4.315654413
       1       9    4.530817519    4.680925849
       1      10    5.485469734    6.434498959
       1      11    6.372398069    7.405307446
       1      12    6.898522423    7.716174840
       1      13    7.097802084    8.129908921
  0.000000000  0.250000000  0.000000000      13
       1       1  -20.647752093  -25.242923198
       1       2   -9.452940029  -13.013108100
       1       3   -8.101510291  -11.102582823
       1       4   -7.390023370  -10.651442084
       1       5    2.415539716    3.393265789
       1       6    3.199257350    4.082278506
       1       7    3.891579537    3.874587295
       1       8    4.389638843    4.890600516
       1       9    5.101878921    5.305491328
       1      10    5.398722372    6.234283674
       1      11    6.456139328    7.825327760
       1      12    7.170369722    7.617238003
       1      13    7.556974895    8.112360104
  0.000000000  0.291666667  0.000000000      13
       1       1  -20.265124675  -24.839178801
       1       2  -10.357264974  -14.012870007
       1       3   -7.728215175  -11.020019995
       1       4   -7.571906503  -10.501137648
       1       5    3.074218397    4.100713527
       1       6    3.203486116    4.633016557
       1       7    4.605474568    4.593740172
       1       8    4.663114018    5.089735550
       1       9    5.706366974    6.149468187
       1      10    5.730543638    6.110845794
       1      11    6.546022621    7.774749794
       1      12    7.737577484    8.073812923
       1      13    8.214336779    8.618951830
  0.000000000  0.333333333  0.000000000      13
       1       1  -19.854633455  -24.405735330
       1       2  -11.221715057  -14.963486490
       1       3   -8.022694430  -11.341808385
       1       4   -6.996887341   -9.847223458
       1       5    2.601373028    4.158199785
       1       6    3.798761823    4.901288941
       1       7    5.274420786    5.628926671
       1       8    5.416435243    5.445584535
       1       9    6.127367409    7.177183564
       1      10    6.437860066    6.702055523
       1      11    6.957742926    7.523197522
       1      12    8.468941605    8.785849197
       1      13    8.998825565    9.360952032
  0.000000000  0.375000000  0.000000000      13
       1       1  -19.441707712  -23.971350800
       1       2  -12.003329719  -15.818465783
       1       3   -8.261842712  -11.603396060
       1       4   -6.407694867   -9.178287450
       1       5    1.813397215    3.317309312
       1       6    4.531172684    5.764908827
       1       7    6.113878052    6.511557841
       1       8    6.173325159    6.961041928
       1       9    6.514558924    7.022461927
       1      10    7.312497524    7.551994587
       1      11    7.765375159    8.036148501
       1      12    9.311380356    9.646983434
       1      13    9.879758792   10.260209583
  0.000000000  0.416666667  0.000000000      13
       1       1  -19.067863255  -23.577286479
       1       2  -12.648305360  -16.520040316
       1       3   -8.437654230  -11.795863181
       1       4   -5.859168774   -8.561586092
       1       5    1.071158172    2.506093289
       1       6    5.113178658    6.538118769
       1       7    6.637510940    7.741601558
       1       8    7.082691446    7.557095813
       1       9    7.474225596    7.518972064
       1      10    8.302251520    8.541398775
       1      11    8.751404043    8.968003627
       1      12   10.207616300   10.629650718
       1      13   10.607070528   11.576975216
  0.000000000  0.458333333  0.000000000      13
       1       1  -18.795060852  -23.292433629
       1       2  -13.086746480  -16.994604672
       1       3   -8.545090162  -11.913488243
       1       4   -5.444555992   -8.104768779
       1       5    0.525042446    1.915273872
       1       6    5.390850010    6.927950373
       1       7    7.388238933    8.483338345
       1       8    8.133120926    8.741263455
       1       9    8.616631903    8.626346719
       1      10    9.362582238    9.640911220
       1      11    9.560486006   10.540638444
       1      12    9.990299711   10.383608232
       1      13   10.535179591   11.223665272
  0.000000000  0.500000000  0.000000000      13
       1       1  -18.692925363  -23.189058368
       1       2  -13.244614293  -17.164392810
       1       3   -8.581206943  -11.953150250
       1       4   -5.284827406   -7.932654979
       1       5    0.319218442    1.696595241
       1       6    5.458177160    7.017317097
       1       7    8.155869677    9.370873874
       1       8    8.748517252    9.758931653
       1       9    8.966396854    9.916729995
       1      10    9.632138794    9.978269024
       1      11    9.869823693    9.852884226
       1      12    9.912169198    9.920989794
       1      13   10.479086649   10.646178741
  0.000000000  0.541666667  0.000000000      13
       1       1  -18.795060852  -23.292468764
       1       2  -13.086746480  -16.994253672
       1       3   -8.545090162  -11.913886537
       1       4   -5.444555992   -8.104843041
       1       5    0.525042446    1.915440327
       1       6    5.390850010    6.928297961
       1       7    7.388238933    8.482585795
       1       8    8.133120926    8.741182430
       1       9    8.616631903    8.626305970
       1      10    9.362582238    9.640863082
       1      11    9.560486006   10.541044604
       1      12    9.990299711   10.383539814
       1      13   10.535179591   11.223819855
  0.000000000  0.583333333  0.000000000      13
       1       1  -19.067863255  -23.577431587
       1       2  -12.648305360  -16.519400743
       1       3   -8.437654230  -11.796485404
       1       4   -5.859168774   -8.561704265
       1       5    1.071158172    2.506373724
       1       6    5.113178658    6.538833383
       1       7    6.637510940    7.740716268
       1       8    7.082691446    7.557035326
       1       9    7.474225596    7.518876153
       1      10    8.302251520    8.541347358
       1      11    8.751404043    8.967794430
       1      12   10.207616300   10.629588273
       1      13   10.607070528   11.577258643
  0.000000000  0.625000000  0.000000000      13
       1       1  -19.441707712  -23.971526116
       1       2  -12.003329719  -15.817605686
       1       3   -8.261842712  -11.604208538
       1       4   -6.407694867   -9.178437933
       1       5    1.813397215    3.317596574
       1       6    4.531172684    5.765597651
       1       7    6.113878052    6.511517323
       1       8    6.173325159    6.960836204
       1       9    6.514558924    7.022120636
       1      10    7.312497524    7.551955595
       1      11    7.765375159    8.035818010
       1      12    9.311380356    9.646930311
       1      13    9.879758792   10.259962776
  0.000000000  0.666666667  0.000000000      13
       1       1  -19.854633455  -24.405961886
       1       2  -11.221715057  -14.962535279
       1       3   -8.022694430  -11.342641957
       1       4   -6.996887341   -9.847358536
       1       5    2.601373028    4.158475796
       1       6    3.798761823    4.901764174
       1       7    5.274420786    5.628908874
       1       8    5.416435243    5.445637305
       1       9    6.127367409    7.177029315
       1      10    6.437860066    6.702024894
       1      11    6.957742926    7.522523684
       1      12    8.468941605    8.785787652
       1      13    8.998825565    9.360592797
  0.000000000  0.708333333  0.000000000      13
       1       1  -20.265124675  -24.839343784
       1       2  -10.357264974  -14.011706998
       1       3   -7.728215175  -11.021130621
       1       4   -7.571906503  -10.501239849
       1       5    3.074218397    4.101054260
       1       6    3.203486116    4.633202815
       1       7    4.605474568    4.593772811
       1       8    4.663114018    5.089784943
       1       9    5.706366974    6.149721668
       1      10    5.730543638    6.110855693
       1      11    6.546022621    7.773833940
       1      12    7.737577484    8.073779317
       1      13    8.214336779    8.618412422
  0.000000000  0.750000000  0.000000000      13
       1       1  -20.647752093  -25.243087967
       1       2   -9.452940029  -13.011739509
       1       3   -8.101510291  -11.102700059
       1       4   -7.390023370  -10.652619972
       1       5    2.415539716    3.393497734
       1       6    3.199257350    4.082359667
       1       7    3.891579537    3.874615310
       1       8    4.389638843    4.890711355
       1       9    5.101878921    5.305687205
       1      10    5.398722372    6.234426358
       1      11    6.456139328    7.824560861
       1      12    7.170369722    7.617229355
       1      13    7.556974895    8.111396208
  0.000000000  0.791666667  0.000000000      13
       1       1  -20.987069151  -25.602369320
       1       2   -8.567629516  -11.630703483
       1       3   -8.548709875  -12.007970717
       1       4   -7.024211578  -10.255033735
       1       5    1.842637162    2.786951915
       1       6    2.789472069    3.379352880
       1       7    3.284780930    3.266501272
       1       8    4.020081868    4.315677063
       1       9    4.530817519    4.681051486
       1      10    5.485469734    6.434599931
       1      11    6.372398069    7.405262843
       1      12    6.898522423    7.716205566
       1      13    7.097802084    8.128387889
  0.000000000  0.833333333  0.000000000      13
       1       1  -21.273514639  -25.906229899
       1       2   -8.959106244  -12.072658215
       1       3   -7.687362081  -11.048558834
       1       4   -6.652928470   -9.853245091
       1       5    1.363626516    2.284635679
       1       6    2.362301398    2.848478197
       1       7    2.787077881    2.768100237
       1       8    3.599641024    3.832134606
       1       9    4.047922804    4.180203152
       1      10    5.399587301    6.006188103
       1      11    6.120461255    6.616694554
       1      12    6.943828565    8.555813723
       1      13    7.010159663    8.210135596
  0.000000000  0.875000000  0.000000000      13
       1       1  -21.501055637  -26.147141186
       1       2   -9.269076890  -12.421975019
       1       3   -6.918943035  -10.190609830
       1       4   -6.305373774   -9.479233594
       1       5    0.982851968    1.888659102
       1       6    2.008912758    2.447738713
       1       7    2.399188485    2.379559708
       1       8    3.246145750    3.458398917
       1       9    3.665682105    3.789957093
       1      10    5.168432687    5.599880346
       1      11    5.801093835    6.120869724
       1      12    6.971818978    8.804991981
       1      13    7.204378090    8.392902407
  0.000000000  0.916666667  0.000000000      13
       1       1  -21.665867461  -26.321047465
       1       2   -9.493129238  -12.674358278
       1       3   -6.301532481   -9.501191552
       1       4   -6.016458015   -9.170064428
       1       5    0.704266410    1.601515155
       1       6    1.750437492    2.164561377
       1       7    2.121572481    2.101288909
       1       8    2.986796151    3.190666879
       1       9    3.388978303    3.509174909
       1      10    4.957499844    5.323272799
       1      11    5.539202219    5.817831319
       1      12    7.042200485    8.978772985
       1      13    7.281498534    8.291228859
  0.000000000  0.958333333  0.000000000      13
       1       1  -21.765601050  -26.427251598
       1       2   -9.628530538  -12.826453687
       1       3   -5.896540678   -9.049326695
       1       4   -5.823095859   -8.964813802
       1       5    0.533098647    1.426754040
       1       6    1.593696459    1.995407676
       1       7    1.954697032    1.933874122
       1       8    2.829418455    3.029584121
       1       9    3.221144585    3.339356410
       1      10    4.820739532    5.160567604
       1      11    5.372861864    5.641873729
       1      12    7.103130194    9.108616004
       1      13    7.277967588    9.317723819
  0.041666667  0.041666667  0.000000000      13
       1       1  -21.699042670  -26.356553162
       1       2   -9.538199456  -12.724967993
       1       3   -6.164614887   -9.349409074
       1       4   -5.959289614   -9.108706471
       1       5    0.647680451    1.543540209
       1       6    1.698306987    2.108124576
       1       7    2.065983680    2.045529936
       1       8    2.934459750    3.137006290
       1       9    3.333258366    3.452709165
       1      10    4.912584219    5.268838935
       1      11    5.485026587    5.758331863
       1      12    7.078738780    9.051897384
       1      13    7.285325872    8.251064307
  0.041666667  0.083333333  0.000000000      13
       1       1  -21.566753960  -26.216408033
       1       2   -9.358436374  -12.522672272
       1       3   -6.662996881   -9.906887842
       1       4   -6.213111435   -9.378996333
       1       5    0.872685905    1.774522838
       1       6    1.906012496    2.334234749
       1       7    2.288254606    2.268394534
       1       8    3.142939462    3.351420947
       1       9    3.555801391    3.677982264
       1      10    5.087291484    5.488142230
       1      11    5.703161898    5.991789914
       1      12    7.045805470    8.959958829
       1      13    7.246343368    8.375411685
  0.041666667  0.125000000  0.000000000      13
       1       1  -21.370519507  -26.008688599
       1       2   -9.091352646  -12.221857651
       1       3   -7.341792492  -10.665264726
       1       4   -6.545584013   -9.735986470
       1       5    1.202787540    2.116188246
       1       6    2.212450961    2.675885321
       1       7    2.621076395    2.601844393
       1       8    3.450016154    3.672068573
       1       9    3.886049517    4.013355942
       1      10    5.313596524    5.829288876
       1      11    6.008995723    6.362557302
       1      12    7.012824651    8.808689322
       1      13    7.097699833    8.333012386
  0.041666667  0.166666667  0.000000000      13
       1       1  -21.113369926  -25.736033250
       1       2   -8.740449768  -11.825995919
       1       3   -8.144109277  -11.559746952
       1       4   -6.917465588  -10.138233327
       1       5    1.633616950    2.565633052
       1       6    2.605353565    3.140040516
       1       7    3.064017763    3.045383653
       1       8    3.840713215    4.099694581
       1       9    4.320451786    4.458091703
       1      10    5.485592687    6.286643748
       1      11    6.341312031    6.991199086
       1      12    6.913106757    7.936934401
       1      13    7.049908998    8.516322880
  0.041666667  0.208333333  0.000000000      13
       1       1  -20.800131146  -25.404104183
       1       2   -9.017331054  -12.530176055
       1       3   -8.311255729  -11.340643496
       1       4   -7.295751501  -10.549654311
       1       5    2.161344936    3.120708475
       1       6    3.040085243    3.753014680
       1       7    3.616573813    3.598694739
       1       8    4.254161497    4.644439309
       1       9    4.852522129    5.015723748
       1      10    5.430660791    6.427258441
       1      11    6.536226465    7.770875877
       1      12    7.006863712    7.576522292
       1      13    7.338074348    8.140828895
  0.041666667  0.250000000  0.000000000      13
       1       1  -20.438404085  -25.022125545
       1       2   -9.914971644  -13.523593466
       1       3   -7.812544338  -10.774830713
       1       4   -7.654927882  -10.941735148
       1       5    2.780598668    3.779061826
       1       6    3.299605509    4.499257395
       1       7    4.277738664    4.261878184
       1       8    4.523025656    5.049777026
       1       9    5.461469731    5.715100104
       1      10    5.517956735    6.055549754
       1      11    6.600153647    7.984867048
       1      12    7.461216338    7.829252577
       1      13    7.903942037    8.384528467
  0.041666667  0.291666667  0.000000000      13
       1       1  -20.040328305  -24.601730056
       1       2  -10.795535961  -14.493991726
       1       3   -7.976212689  -11.293282549
       1       4   -7.258429600  -10.144751869
       1       5    2.939617662    4.484919456
       1       6    3.480001765    4.536351792
       1       7    4.961072190    5.323054366
       1       8    5.044072721    5.038817064
       1       9    6.041612937    6.724466678
       1      10    6.092497525    6.389145220
       1      11    6.774942073    7.785257120
       1      12    8.121643175    8.442528756
       1      13    8.628257064    9.015522543
  0.041666667  0.333333333  0.000000000      13
       1       1  -19.625704066  -24.165154611
       1       2  -11.617720534  -15.395468592
       1       3   -8.246172833  -11.589133663
       1       4   -6.672511829   -9.478599050
       1       5    2.203885727    3.741365960
       1       6    4.229464834    5.380147910
       1       7    5.710694794    6.085597019
       1       8    5.889986109    6.015692853
       1       9    6.370468366    7.479078235
       1      10    6.895946509    7.142882708
       1      11    7.379388513    7.772155037
       1      12    8.911258082    9.236162671
       1      13    9.464403722    9.835535945
  0.041666667  0.375000000  0.000000000      13
       1       1  -19.227131601  -23.747555626
       1       2  -12.333704500  -16.175794046
       1       3   -8.455680863  -11.819002570
       1       4   -6.096110045   -8.826434738
       1       5    1.424714768    2.892925918
       1       6    4.937771267    6.252694092
       1       7    6.485189183    7.573040151
       1       8    6.620227983    7.059104429
       1       9    7.002556843    7.163237232
       1      10    7.830687427    8.068620580
       1      11    8.284633263    8.521956129
       1      12    9.785533946   10.158057862
       1      13   10.360660356   10.839328280
  0.041666667  0.416666667  0.000000000      13
       1       1  -18.896172289  -23.398433483
       1       2  -12.881519464  -16.769671027
       1       3   -8.598437230  -11.975740110
       1       4   -5.601631390   -8.275357853
       1       5    0.767058975    2.175904467
       1       6    5.406386607    6.903325549
       1       7    7.037545377    8.139299444
       1       8    7.632834661    8.175219235
       1       9    8.072858907    8.092304355
       1      10    8.862029393    9.112910270
       1      11    9.314498257    9.568293839
       1      12   10.284538967   11.474434426
       1      13   10.583020066   11.194363920
  0.041666667  0.458333333  0.000000000      13
       1       1  -18.701817535  -23.198632094
       1       2  -13.185824507  -17.097907571
       1       3   -8.670757248  -12.055152373
       1       4   -5.300928636   -7.948048654
       1       5    0.377818990    1.758744209
       1       6    5.578272595    7.141815791
       1       7    7.886054590    9.030512717
       1       8    8.668342717    9.440133551
       1       9    9.095213376   10.031031653
       1      10    9.316944147    9.502557177
       1      11    9.778010054   10.239924037
       1      12   10.283757494   10.597119879
       1      13   10.516480631   10.652063735
  0.041666667  0.500000000  0.000000000      13
       1       1  -18.701817535  -23.198702645
       1       2  -13.185824508  -17.097780459
       1       3   -8.670757248  -12.055214050
       1       4   -5.300928636   -7.948057906
       1       5    0.377818991    1.758764652
       1       6    5.578272595    7.142035906
       1       7    7.886054590    9.029904509
       1       8    8.668342716    9.440059560
       1       9    9.095213376   10.031444120
       1      10    9.316944147    9.502576694
       1      11    9.778010055   10.239975784
       1      12   10.283757494   10.597130818
       1      13   10.516480631   10.651924538
  0.041666667  0.541666667  0.000000000      13
       1       1  -18.896172294  -23.398559372
       1       2  -12.881519454  -16.769314853
       1       3   -8.598437228  -11.975937119
       1       4   -5.601631401   -8.275384825
       1       5    0.767058991    2.175968526
       1       6    5.406386600    6.903966263
       1       7    7.037545358    8.138496529
       1       8    7.632834635    8.175162522
       1       9    8.072858880    8.092238876
       1      10    8.862029367    9.112861349
       1      11    9.314498232    9.568098229
       1      12   10.284538989   11.474787742
       1      13   10.583020055   11.194375789
  0.041666667  0.583333333  0.000000000      13
       1       1  -19.227131600  -23.747740849
       1       2  -12.333704501  -16.175226499
       1       3   -8.455680865  -11.819322556
       1       4   -6.096110046   -8.826474160
       1       5    1.424714772    2.893025180
       1       6    4.937771267    6.253401337
       1       7    6.485189181    7.572530918
       1       8    6.620227982    7.059057459
       1       9    7.002556843    7.163056465
       1      10    7.830687427    8.068576982
       1      11    8.284633262    8.521655328
       1      12    9.785533945   10.157999982
       1      13   10.360660355   10.839000858
  0.041666667  0.625000000  0.000000000      13
       1       1  -19.625704065  -24.165390213
       1       2  -11.617720534  -15.394746221
       1       3   -8.246172835  -11.589551941
       1       4   -6.672511830   -9.478634314
       1       5    2.203885731    3.741495223
       1       6    4.229464834    5.380625189
       1       7    5.710694793    6.085566560
       1       8    5.889986109    6.015765211
       1       9    6.370468363    7.478860462
       1      10    6.895946509    7.142847957
       1      11    7.379388511    7.771657548
       1      12    8.911258081    9.236113417
       1      13    9.464403720    9.835099102
  0.041666667  0.666666667  0.000000000      13
       1       1  -20.040328313  -24.601915958
       1       2  -10.795535939  -14.493165709
       1       3   -7.976212685  -11.293814840
       1       4   -7.258429615  -10.144796361
       1       5    2.939617682    4.485059188
       1       6    3.480001748    4.536646964
       1       7    4.961072175    5.323045950
       1       8    5.044072701    5.038854746
       1       9    6.041612924    6.724788673
       1      10    6.092497508    6.389119658
       1      11    6.774942060    7.784608155
       1      12    8.121643157    8.442488904
       1      13    8.628257042    9.014983736
  0.041666667  0.708333333  0.000000000      13
       1       1  -20.438404084  -25.022300496
       1       2   -9.914971640  -13.522674156
       1       3   -7.812544339  -10.774886310
       1       4   -7.654927888  -10.942343673
       1       5    2.780598668    3.779251678
       1       6    3.299605511    4.499336286
       1       7    4.277738664    4.261912305
       1       8    4.523025658    5.049825170
       1       9    5.461469731    5.715343803
       1      10    5.517956736    6.055562718
       1      11    6.600153639    7.984578997
       1      12    7.461216338    7.829229638
       1      13    7.903942033    8.383811109
  0.041666667  0.750000000  0.000000000      13
       1       1  -20.800131146  -25.404297971
       1       2   -9.017331046  -12.529208199
       1       3   -8.311255730  -11.340692510
       1       4   -7.295751511  -10.550315699
       1       5    2.161344936    3.120820650
       1       6    3.040085244    3.753032811
       1       7    3.616573813    3.598706171
       1       8    4.254161498    4.644470156
       1       9    4.852522129    5.015848310
       1      10    5.430660794    6.427343937
       1      11    6.536226458    7.771009395
       1      12    7.006863713    7.576537591
       1      13    7.338074338    8.139769330
  0.041666667  0.791666667  0.000000000      13
       1       1  -21.113369932  -25.736184404
       1       2   -8.740449778  -11.826049773
       1       3   -8.144109244  -11.558804209
       1       4   -6.917465595  -10.138878001
       1       5    1.633616938    2.565688577
       1       6    2.605353555    3.140047576
       1       7    3.064017751    3.045386734
       1       8    3.840713205    4.099703896
       1       9    4.320451775    4.458152168
       1      10    5.485592687    6.286710416
       1      11    6.341312023    6.991572314
       1      12    6.913106763    7.937018668
       1      13    7.049908973    8.515123603
  0.041666667  0.833333333  0.000000000      13
       1       1  -21.370519507  -26.008842649
       1       2   -9.091352647  -12.221905489
       1       3   -7.341792468  -10.664475040
       1       4   -6.545584040   -9.736481062
       1       5    1.202787540    2.116202651
       1       6    2.212450961    2.675889992
       1       7    2.621076395    2.601837248
       1       8    3.450016154    3.672071027
       1       9    3.886049517    4.013378828
       1      10    5.313596524    5.829321855
       1      11    6.008995724    6.362731640
       1      12    7.012824618    8.807737987
       1      13    7.097699836    8.333128853
  0.041666667  0.875000000  0.000000000      13
       1       1  -21.566753959  -26.216510836
       1       2   -9.358436374  -12.522711592
       1       3   -6.662996841   -9.906383618
       1       4   -6.213111478   -9.379228216
       1       5    0.872685905    1.774507183
       1       6    1.906012496    2.334236471
       1       7    2.288254606    2.268390472
       1       8    3.142939462    3.351421097
       1       9    3.555801391    3.677990311
       1      10    5.087291484    5.488160369
       1      11    5.703161898    5.991825978
       1      12    7.045805420    8.959353155
       1      13    7.246343370    8.375503349
  0.083333333  0.083333333  0.000000000      13
       1       1  -21.403001001  -26.043408462
       1       2   -9.135602008  -12.271748961
       1       3   -7.200864709  -10.509911695
       1       4   -6.532514282   -9.720898218
       1       5    1.149520360    2.060186877
       1       6    2.161984616    2.618645445
       1       7    2.565785118    2.546464423
       1       8    3.399528993    3.618710468
       1       9    3.832476089    3.957834654
       1      10    5.280469341    5.771081193
       1      11    5.974791337    6.276671492
       1      12    7.107988522    9.009517936
       1      13    7.128427383    8.362024562
  0.083333333  0.125000000  0.000000000      13
       1       1  -21.176996735  -25.803606431
       1       2   -8.827431721  -11.924240472
       1       3   -7.882290002  -11.271301102
       1       4   -6.920676388  -10.140000192
       1       5    1.530678582    2.455724067
       1       6    2.509935996    3.022450173
       1       7    2.953812753    2.935020677
       1       8    3.746550422    3.992607649
       1       9    4.216654468    4.347321908
       1      10    5.465385925    6.180655780
       1      11    6.335329064    6.698528527
       1      12    6.949964626    8.064699399
       1      13    7.179454107    8.997996609
  0.083333333  0.166666667  0.000000000      13
       1       1  -20.892623255  -25.502510168
       1       2   -8.668186631  -12.144849888
       1       3   -8.438366332  -11.484576592
       1       4   -7.328226086  -10.584231928
       1       5    2.012320763    2.958788609
       1       6    2.922801517    3.562120834
       1       7    3.451933413    3.433632876
       1       8    4.147880931    4.480161454
       1       9    4.704669682    4.846256893
       1      10    5.477487992    6.482709658
       1      11    6.706858941    7.435331031
       1      12    6.944219991    7.635034557
       1      13    7.309631563    8.745436873
  0.083333333  0.208333333  0.000000000      13
       1       1  -20.555991095  -25.146613339
       1       2   -9.513476831  -13.080332253
       1       3   -7.975414258  -10.959925812
       1       4   -7.721491915  -11.015683413
       1       5    2.590392113    3.567305995
       1       6    3.281188773    4.274979238
       1       7    4.059596187    4.042001023
       1       8    4.465997651    5.006452346
       1       9    5.288969132    5.459809757
       1      10    5.442851050    6.166012325
       1      11    6.898467294    8.232164628
       1      12    7.290959437    7.701633609
       1      13    7.707384871    8.444023312
  0.083333333  0.250000000  0.000000000      13
       1       1  -20.176751589  -24.746359581
       1       2  -10.373508466  -14.027503580
       1       3   -8.078771334  -11.409118273
       1       4   -7.449747249  -10.362419615
       1       5    3.177260773    4.663790565
       1       6    3.258520027    4.278682470
       1       7    4.773387975    5.176636309
       1       8    4.775579343    4.760472807
       1       9    5.862417988    6.209756895
       1      10    5.942542677    6.230684943
       1      11    6.976795803    8.381002306
       1      12    7.875955265    8.207656121
       1      13    8.353792612    8.828831866
  0.083333333  0.291666667  0.000000000      13
       1       1  -19.770430542  -24.317719346
       1       2  -11.204928803  -14.939400489
       1       3   -8.385755675  -11.747815263
       1       4   -6.879531282   -9.713611013
       1       5    2.554919841    4.116568718
       1       6    4.002742493    5.087840883
       1       7    5.416398942    5.782081131
       1       8    5.595178264    5.595973344
       1       9    6.517116976    7.363460179
       1      10    6.585652241    6.844907089
       1      11    7.226827720    8.106315157
       1      12    8.604215248    8.928459381
       1      13    9.136441285    9.543580593
  0.083333333  0.333333333  0.000000000      13
       1       1  -19.362437082  -23.890079973
       1       2  -11.961834276  -15.765058597
       1       3   -8.632702906  -12.020649059
       1       4   -6.295885969   -9.050868636
       1       5    1.788284056    3.291841798
       1       6    4.784579440    5.979001334
       1       7    6.257372690    6.677308524
       1       8    6.468795016    6.764023118
       1       9    6.834275724    7.866841851
       1      10    7.458827798    7.699675271
       1      11    7.944834881    8.282160435
       1      12    9.427665631    9.787763060
       1      13   10.010741741   10.441082835
  0.083333333  0.375000000  0.000000000      13
       1       1  -18.993931090  -23.503563177
       1       2  -12.588779961  -16.445053446
       1       3   -8.813210710  -12.220067283
       1       4   -5.753453444   -8.440815782
       1       5    1.069801655    2.505121113
       1       6    5.484517013    6.868639033
       1       7    6.975106072    8.142912610
       1       8    7.215204883    7.729319740
       1       9    7.647398577    7.729552670
       1      10    8.438167926    8.684651113
       1      11    8.912305443    9.150553471
       1      12   10.265964375   10.765160917
       1      13   10.686559557   11.737181150
  0.083333333  0.416666667  0.000000000      13
       1       1  -18.725738574  -23.224009577
       1       2  -13.015500765  -16.905230656
       1       3   -8.923060452  -12.341580693
       1       4   -5.344032389   -7.989677709
       1       5    0.540776325    1.932431022
       1       6    5.884288261    7.439336211
       1       7    7.600850945    8.739389976
       1       8    8.233623072    8.923995869
       1       9    8.781490245    8.796469157
       1      10    9.466099926    9.774229058
       1      11    9.691746998   10.690096794
       1      12   10.159156576   10.563158992
       1      13   10.554965964   11.288871542
  0.083333333  0.458333333  0.000000000      13
       1       1  -18.625526430  -23.121418102
       1       2  -13.169136888  -17.069976498
       1       3   -8.959930449  -12.382384635
       1       4   -5.186415182   -7.819812164
       1       5    0.341242341    1.720377815
       1       6    5.986543133    7.584195549
       1       7    8.288575206    9.524574098
       1       8    8.943796617    9.972364959
       1       9    8.972011933   10.043140833
       1      10    9.771546489   10.144182429
       1      11   10.033444833   10.017019281
       1      12   10.079249224   10.091683145
       1      13   10.576749094   10.736556085
  0.083333333  0.500000000  0.000000000      13
       1       1  -18.725738573  -23.224111788
       1       2  -13.015500765  -16.904980032
       1       3   -8.923060453  -12.341697529
       1       4   -5.344032391   -7.989701513
       1       5    0.540776329    1.932480121
       1       6    5.884288260    7.439837141
       1       7    7.600850943    8.738565727
       1       8    8.233623070    8.923927202
       1       9    8.781490245    8.796427192
       1      10    9.466099925    9.774196770
       1      11    9.691746998   10.690449703
       1      12   10.159156576   10.563086775
       1      13   10.554965967   11.289016270
  0.083333333  0.541666667  0.000000000      13
       1       1  -18.993931088  -23.503730264
       1       2  -12.588779961  -16.444599403
       1       3   -8.813210712  -12.220285691
       1       4   -5.753453447   -8.440853492
       1       5    1.069801661    2.505216472
       1       6    5.484517013    6.869344927
       1       7    6.975106068    8.142225437
       1       8    7.215204881    7.729266003
       1       9    7.647398577    7.729431829
       1      10    8.438167925    8.684607439
       1      11    8.912305442    9.150271665
       1      12   10.265964372   10.765127177
       1      13   10.686559555   11.737240658
  0.083333333  0.583333333  0.000000000      13
       1       1  -19.362437071  -23.890288637
       1       2  -11.961834292  -15.764447917
       1       3   -8.632702915  -12.020972318
       1       4   -6.295885958   -9.050914500
       1       5    1.788284046    3.291960390
       1       6    4.784579459    5.979507979
       1       7    6.257372711    6.677275887
       1       8    6.468795034    6.764091168
       1       9    6.834275729    7.866504227
       1      10    7.458827820    7.699638198
       1      11    7.944834899    8.281718609
       1      12    9.427665650    9.787718309
       1      13   10.010741760   10.440658510
  0.083333333  0.625000000  0.000000000      13
       1       1  -19.770430540  -24.317931509
       1       2  -11.204928800  -14.938671829
       1       3   -8.385755681  -11.748231249
       1       4   -6.879531284   -9.713659588
       1       5    2.554919850    4.116711392
       1       6    4.002742494    5.088141607
       1       7    5.416398942    5.782065302
       1       8    5.595178264    5.596026660
       1       9    6.517116972    7.363733214
       1      10    6.585652241    6.844882301
       1      11    7.226827711    8.105659402
       1      12    8.604215247    8.928427790
       1      13    9.136441280    9.543050400
  0.083333333  0.666666667  0.000000000      13
       1       1  -20.176751587  -24.746520038
       1       2  -10.373508460  -14.026706100
       1       3   -8.078771345  -11.409604802
       1       4   -7.449747251  -10.362483253
       1       5    3.177260781    4.663938284
       1       6    3.258520028    4.278862103
       1       7    4.773387977    5.176654352
       1       8    4.775579343    4.760504534
       1       9    5.862417988    6.209749473
       1      10    5.942542677    6.230942524
       1      11    6.976795789    8.380698577
       1      12    7.875955264    8.207633633
       1      13    8.353792604    8.828164865
  0.083333333  0.708333333  0.000000000      13
       1       1  -20.555991085  -25.146796050
       1       2   -9.513476839  -13.079499643
       1       3   -7.975414248  -10.959985103
       1       4   -7.721491941  -11.016183742
       1       5    2.590392128    3.567407636
       1       6    3.281188781    4.275042009
       1       7    4.059596202    4.042017356
       1       8    4.465997659    5.006512261
       1       9    5.288969147    5.459935639
       1      10    5.442851057    6.166061080
       1      11    6.898467283    8.232287250
       1      12    7.290959449    7.701631441
       1      13    7.707384868    8.443080063
  0.083333333  0.750000000  0.000000000      13
       1       1  -20.892623253  -25.502666374
       1       2   -8.668186609  -12.144108703
       1       3   -8.438366334  -11.484631591
       1       4   -7.328226114  -10.584646501
       1       5    2.012320763    2.958827751
       1       6    2.922801518    3.562137850
       1       7    3.451933413    3.433641955
       1       8    4.147880933    4.480186312
       1       9    4.704669682    4.846314678
       1      10    5.477487997    6.482805343
       1      11    6.706858938    7.435738129
       1      12    6.944219994    7.635084770
       1      13    7.309631524    8.744400869
  0.083333333  0.791666667  0.000000000      13
       1       1  -21.176996734  -25.803741620
       1       2   -8.827431722  -11.924286789
       1       3   -7.882289965  -11.270790752
       1       4   -6.920676431  -10.140181847
       1       5    1.530678582    2.455713277
       1       6    2.509935996    3.022457427
       1       7    2.953812753    2.935019807
       1       8    3.746550422    3.992619616
       1       9    4.216654468    4.347337961
       1      10    5.465385928    6.180726216
       1      11    6.335329065    6.698680410
       1      12    6.949964631    8.064815606
       1      13    7.179454049    8.997419985
  0.125000000  0.125000000  0.000000000      13
       1       1  -20.923624667  -25.535790140
       1       2   -8.521658907  -11.984529662
       1       3   -8.480942190  -11.532742251
       1       4   -7.370186598  -10.628549724
       1       5    1.963291453    2.905148042
       1       6    2.881132642    3.499809284
       1       7    3.397111915    3.378708268
       1       8    4.108961241    4.425345076
       1       9    4.655494054    4.790766976
       1      10    5.493369163    6.483934259
       1      11    6.766063707    7.140504617
       1      12    6.932127208    7.672715627
       1      13    7.398802553    9.241117868
  0.125000000  0.166666667  0.000000000      13
       1       1  -20.615374820  -25.209656343
       1       2   -9.244530728  -12.784921239
       1       3   -8.057587082  -11.053217769
       1       4   -7.828114352  -11.131516730
       1       5    2.496799401    3.462224498
       1       6    3.246728692    4.142472318
       1       7    3.950566489    3.932481308
       1       8    4.436267989    4.946539998
       1       9    5.198782348    5.343556299
       1      10    5.436903961    6.267805609
       1      11    7.213634314    7.657660277
       1      12    7.218481141    7.936684209
       1      13    7.652080303    9.182891017
  0.125000000  0.208333333  0.000000000      13
       1       1  -20.260035848  -24.834661413
       1       2  -10.022304470  -13.639998735
       1       3   -8.250270080  -11.599408205
       1       4   -7.566269403  -10.494994882
       1       5    3.126680273    4.124797433
       1       6    3.300948228    4.705361689
       1       7    4.613590202    4.596013152
       1       8    4.689501050    5.145510621
       1       9    5.739386906    6.143023801
       1      10    5.838782631    6.010915343
       1      11    7.449221146    8.868815224
       1      12    7.731536977    8.075307084
       1      13    8.159047420    8.915142261
  0.125000000  0.250000000  0.000000000      13
       1       1  -19.869946055  -24.423403559
       1       2  -10.813251611  -14.505330684
       1       3   -8.615292262  -12.005993782
       1       4   -7.021317330   -9.874900349
       1       5    2.820732296    4.392649232
       1       6    3.845818070    4.890142199
       1       7    5.230014700    5.597652691
       1       8    5.384891115    5.369836892
       1       9    6.382172717    6.656559865
       1      10    6.547395311    6.839993629
       1      11    7.550208235    9.017377146
       1      12    8.397251386    8.724892570
       1      13    8.884096357    9.408162300
  0.125000000  0.291666667  0.000000000      13
       1       1  -19.465014501  -23.998073988
       1       2  -11.569697220  -15.329029464
       1       3   -8.913783027  -12.339175568
       1       4   -6.446479286   -9.220702693
       1       5    2.111754988    3.647026321
       1       6    4.638732646    5.752885272
       1       7    5.998521507    6.410223336
       1       8    6.259245998    6.262639184
       1       9    7.153055182    8.083197505
       1      10    7.191075372    7.436852858
       1      11    7.837232470    8.697122439
       1      12    9.159349571    9.520065996
       1      13    9.717746544   10.204582601
  0.125000000  0.333333333  0.000000000      13
       1       1  -19.077526763  -23.592441953
       1       2  -12.237627256  -16.052548366
       1       3   -9.140857613  -12.592913459
       1       4   -5.882665661   -8.582712987
       1       5    1.384628967    2.850374984
       1       6    5.462080079    6.696346049
       1       7    6.893637306    7.398969623
       1       8    7.164589038    7.632855982
       1       9    7.482716015    8.433054189
       1      10    8.110342115    8.358461271
       1      11    8.623058813    8.950210234
       1      12    9.946300612   10.431067689
       1      13   10.570832342   11.250077044
  0.125000000  0.375000000  0.000000000      13
       1       1  -18.757573866  -23.259222775
       1       2  -12.752128339  -16.606537119
       1       3   -9.293685652  -12.763500264
       1       4   -5.400741123   -8.045582116
       1       5    0.771455560    2.180758168
       1       6    6.175770817    7.620846403
       1       7    7.618613344    8.861873158
       1       8    7.856000261    8.533076532
       1       9    8.409376384    8.460879902
       1      10    9.094918471    9.382942652
       1      11    9.615855679    9.934723438
       1      12   10.514387940   11.295844601
       1      13   10.515559003   11.730193708
  0.125000000  0.416666667  0.000000000      13
       1       1  -18.570689957  -23.066791308
       1       2  -13.038418340  -16.913109406
       1       3   -9.370498228  -12.849380325
       1       4   -5.108546655   -7.727602472
       1       5    0.407804532    1.791064186
       1       6    6.532199017    8.147394024
       1       7    8.232772626    9.448727727
       1       8    8.729300176    9.781290785
       1       9    9.417517781   10.336828979
       1      10    9.658734667    9.898639474
       1      11    9.897244441   10.368194295
       1      12   10.567230702   10.886064901
       1      13   10.831456723   10.981315974
  0.125000000  0.458333333  0.000000000      13
       1       1  -18.570689956  -23.066853916
       1       2  -13.038418340  -16.912979664
       1       3   -9.370498228  -12.849428625
       1       4   -5.108546657   -7.727614164
       1       5    0.407804535    1.791093183
       1       6    6.532199017    8.147697868
       1       7    8.232772624    9.447968274
       1       8    8.729300173    9.781222662
       1       9    9.417517781   10.337298630
       1      10    9.658734667    9.898665403
       1      11    9.897244444   10.368271857
       1      12   10.567230703   10.886072010
       1      13   10.831456723   10.981152738
  0.125000000  0.500000000  0.000000000      13
       1       1  -18.757573864  -23.259340121
       1       2  -12.752128340  -16.606200054
       1       3   -9.293685654  -12.763649744
       1       4   -5.400741127   -8.045617086
       1       5    0.771455568    2.180844538
       1       6    6.175770818    7.621492807
       1       7    7.618613338    8.861042197
       1       8    7.856000258    8.533017961
       1       9    8.409376384    8.460783872
       1      10    9.094918469    9.382912368
       1      11    9.615855678    9.934507153
       1      12   10.514387941   11.295929883
       1      13   10.515559003   11.730586153
  0.125000000  0.541666667  0.000000000      13
       1       1  -19.077526760  -23.592642965
       1       2  -12.237627255  -16.052043471
       1       3   -9.140857617  -12.593122557
       1       4   -5.882665665   -8.582760139
       1       5    1.384628979    2.850503844
       1       6    5.462080080    6.696825967
       1       7    6.893637304    7.398931603
       1       8    7.164589036    7.632871361
       1       9    7.482716009    8.432663623
       1      10    8.110342114    8.358431052
       1      11    8.623058810    8.949799311
       1      12    9.946300608   10.431046925
       1      13   10.570832337   11.249719688
  0.125000000  0.583333333  0.000000000      13
       1       1  -19.465014497  -23.998240646
       1       2  -11.569697217  -15.328405027
       1       3   -8.913783036  -12.339472462
       1       4   -6.446479290   -9.220760008
       1       5    2.111755002    3.647181908
       1       6    4.638732647    5.753165589
       1       7    5.998521506    6.410203200
       1       8    6.259245998    6.262686113
       1       9    7.153055177    8.083437322
       1      10    7.191075371    7.436824429
       1      11    7.837232459    8.696456722
       1      12    9.159349568    9.520036736
       1      13    9.717746537   10.204037986
  0.125000000  0.625000000  0.000000000      13
       1       1  -19.869946052  -24.423586789
       1       2  -10.813251603  -14.504666104
       1       3   -8.615292276  -12.006316991
       1       4   -7.021317334   -9.874965792
       1       5    2.820732310    4.392819075
       1       6    3.845818071    4.890288074
       1       7    5.230014701    5.597652889
       1       8    5.384891115    5.369862603
       1       9    6.382172717    6.656548202
       1      10    6.547395312    6.840228571
       1      11    7.550208214    9.017086852
       1      12    8.397251385    8.724875274
       1      13    8.884096347    9.407495739
  0.125000000  0.666666667  0.000000000      13
       1       1  -20.260035845  -24.834832692
       1       2  -10.022304454  -13.639366122
       1       3   -8.250270103  -11.599677836
       1       4   -7.566269406  -10.495062678
       1       5    3.126680273    4.124863832
       1       6    3.300948238    4.705507418
       1       7    4.613590202    4.596027711
       1       8    4.689501053    5.145550632
       1       9    5.739386908    6.143034409
       1      10    5.838782632    6.011010808
       1      11    7.449221123    8.869001267
       1      12    7.731536977    8.075299861
       1      13    8.159047398    8.914271308
  0.125000000  0.708333333  0.000000000      13
       1       1  -20.615374817  -25.209801099
       1       2   -9.244530700  -12.784448181
       1       3   -8.057587085  -11.053279922
       1       4   -7.828114388  -11.131620001
       1       5    2.496799401    3.462229290
       1       6    3.246728695    4.142528707
       1       7    3.950566489    3.932482286
       1       8    4.436267994    4.946604091
       1       9    5.198782349    5.343580746
       1      10    5.436903968    6.267892343
       1      11    7.213634316    7.657681459
       1      12    7.218481138    7.937084990
       1      13    7.652080246    9.182126397
  0.166666667  0.166666667  0.000000000      13
       1       1  -20.288026915  -24.864306024
       1       2   -9.871721641  -13.474771449
       1       3   -8.343398124  -11.701702763
       1       4   -7.605352600  -10.539663666
       1       5    3.082746356    4.073597204
       1       6    3.335903743    4.701286299
       1       7    4.559462257    4.541455303
       1       8    4.668399195    5.146918707
       1       9    5.702684810    6.132622181
       1      10    5.798583634    5.949817954
       1      11    7.684255145    8.033514346
       1      12    7.821580735    8.620407810
       1      13    8.004020874    9.551216819
  0.166666667  0.208333333  0.000000000      13
       1       1  -19.920579989  -24.477400315
       1       2  -10.542646919  -14.205778380
       1       3   -8.812414109  -12.226252750
       1       4   -7.093347731   -9.956821964
       1       5    2.963173601    4.535228407
       1       6    3.764884719    4.790441108
       1       7    5.142460896    5.516227100
       1       8    5.277983488    5.260284898
       1       9    6.282462937    6.568284512
       1      10    6.496388760    6.669140716
       1      11    8.133472919    9.720271539
       1      12    8.293244873    8.624014566
       1      13    8.634934568    9.402772425
  0.166666667  0.250000000  0.000000000      13
       1       1  -19.528862448  -24.066043677
       1       2  -11.228208548  -14.947760415
       1       3   -9.202220433  -12.665834232
       1       4   -6.539897557   -9.326463211
       1       5    2.338803595    3.896086087
       1       6    4.535276032    5.609802926
       1       7    5.844337264    6.253912634
       1       8    6.104834311    6.089421604
       1       9    7.029599509    7.279982917
       1      10    7.266343301    7.544921680
       1      11    8.264559047    9.843821243
       1      12    8.992361729    9.357370065
       1      13    9.446948944   10.111579200
  0.166666667  0.291666667  0.000000000      13
       1       1  -19.138216667  -23.658228758
       1       2  -11.878761631  -15.648432390
       1       3   -9.503637608  -13.006692266
       1       4   -5.976039799   -8.685934464
       1       5    1.651042854    3.144408037
       1       6    5.377258259    6.526037415
       1       7    6.674520527    7.181093183
       1       8    7.034787795    7.038175977
       1       9    7.885951608    8.137438010
       1      10    7.925555667    8.909548595
       1      11    8.560264031    9.467476786
       1      12    9.703858016   10.201343850
       1      13   10.303771337   11.043848779
  0.166666667  0.333333333  0.000000000      13
       1       1  -18.788498206  -23.293761172
       1       2  -12.430923423  -16.239950957
       1       3   -9.717034197  -13.248127961
       1       4   -5.455114605   -8.100300601
       1       5    1.013859918    2.444406230
       1       6    6.244045264    7.521194626
       1       7    7.565635699    8.258547698
       1       8    7.972849257    8.634550225
       1       9    8.260544757    9.123554223
       1      10    8.803881454    9.093537497
       1      11    9.389265177    9.743093079
       1      12   10.249992392   11.001467042
       1      13   10.863461521   12.115603382
  0.166666667  0.375000000  0.000000000      13
       1       1  -18.536475477  -23.032861338
       1       2  -12.810838698  -16.644814201
       1       3   -9.844229663  -13.392072711
       1       4   -5.064523885   -7.670270757
       1       5    0.543621536    1.935591587
       1       6    6.976109758    8.486160115
       1       7    8.341821252    9.678872034
       1       8    8.374722631    9.441947763
       1       9    9.274773277    9.315705136
       1      10    9.670932996   10.058131276
       1      11   10.086015199   11.130069323
       1      12   10.631183019   11.225616193
       1      13   10.669975409   11.124640613
  0.166666667  0.416666667  0.000000000      13
       1       1  -18.442981489  -22.937199134
       1       2  -12.948025942  -16.790108940
       1       3   -9.886499765  -13.439842832
       1       4   -4.914887182   -7.509173419
       1       5    0.365897095    1.747145072
       1       6    7.254486867    8.917593132
       1       7    8.693780635    9.989754350
       1       8    8.734990274   10.121907366
       1       9    9.569086832   10.678078212
       1      10   10.200747654   10.637772504
       1      11   10.523597664   10.509857891
       1      12   10.581467839   10.610177252
       1      13   10.867770512   10.987524140
  0.166666667  0.458333333  0.000000000      13
       1       1  -18.536475475  -23.032965091
       1       2  -12.810838698  -16.644593967
       1       3   -9.844229665  -13.392147030
       1       4   -5.064523889   -7.670298121
       1       5    0.543621544    1.935655622
       1       6    6.976109760    8.486702650
       1       7    8.341821245    9.677928153
       1       8    8.374722625    9.441892198
       1       9    9.274773277    9.315641037
       1      10    9.670932996   10.058161124
       1      11   10.086015199   11.130518602
       1      12   10.631183023   11.225718125
       1      13   10.669975409   11.124527952
  0.166666667  0.500000000  0.000000000      13
       1       1  -18.788498202  -23.293907004
       1       2  -12.430923423  -16.239587838
       1       3   -9.717034203  -13.248240739
       1       4   -5.455114610   -8.100348864
       1       5    1.013859932    2.444517497
       1       6    6.244045266    7.521609205
       1       7    7.565635695    8.258509628
       1       8    7.972849253    8.634476757
       1       9    8.260544750    9.123131289
       1      10    8.803881451    9.093521917
       1      11    9.389265173    9.742710231
       1      12   10.249992390   11.001530985
       1      13   10.863461517   12.115717805
  0.166666667  0.541666667  0.000000000      13
       1       1  -19.138216672  -23.658401970
       1       2  -11.878761612  -15.647953478
       1       3   -9.503637612  -13.006848060
       1       4   -5.976039819   -8.685996734
       1       5    1.651042888    3.144550183
       1       6    5.377258239    6.526257135
       1       7    6.674520504    7.181079513
       1       8    7.034787772    7.038221428
       1       9    7.885951584    8.137417156
       1      10    7.925555650    8.909761536
       1      11    8.560264002    9.466804142
       1      12    9.703857995   10.201346031
       1      13   10.303771309   11.043339143
  0.166666667  0.583333333  0.000000000      13
       1       1  -19.528862444  -24.066218606
       1       2  -11.228208538  -14.947266485
       1       3   -9.202220451  -12.665978055
       1       4   -6.539897562   -9.326533703
       1       5    2.338803615    3.896268279
       1       6    4.535276033    5.609891459
       1       7    5.844337263    6.253909619
       1       8    6.104834311    6.089440405
       1       9    7.029599508    7.279978037
       1      10    7.266343301    7.545119796
       1      11    8.264559016    9.843568744
       1      12    8.992361726    9.357363654
       1      13    9.446948931   10.110935471
  0.166666667  0.625000000  0.000000000      13
       1       1  -19.920579985  -24.477567488
       1       2  -10.542646900  -14.205373021
       1       3   -8.812414137  -12.226277499
       1       4   -7.093347736   -9.956893925
       1       5    2.963173620    4.535423260
       1       6    3.764884720    4.790452489
       1       7    5.142460897    5.516249257
       1       8    5.277983488    5.260289960
       1       9    6.282462937    6.568288117
       1      10    6.496388761    6.669184731
       1      11    8.133472881    9.720506706
       1      12    8.293244871    8.624016882
       1      13    8.634934547    9.402060834
  0.208333333  0.208333333  0.000000000      13
       1       1  -19.550520979  -24.088811817
       1       2  -11.077799022  -14.779606224
       1       3   -9.337470904  -12.818806768
       1       4   -6.571538283   -9.362310333
       1       5    2.421053827    3.986178809
       1       6    4.498407849    5.561296234
       1       7    5.793308581    6.202883006
       1       8    6.052008344    6.034458086
       1       9    6.975626795    7.227929535
       1      10    7.253010134    7.438155331
       1      11    8.752544802   10.642232975
       1      12    8.935428489    9.302652406
       1      13    9.166120859    9.816048174
  0.208333333  0.250000000  0.000000000      13
       1       1  -19.170050312  -23.691958303
       1       2  -11.617877166  -15.352083079
       1       3   -9.772915418  -13.315368354
       1       4   -6.024885509   -8.740149880
       1       5    1.805987541    3.316153954
       1       6    5.317666265    6.433574323
       1       7    6.563009918    7.073019014
       1       8    6.934256625    6.918952463
       1       9    7.771284858    8.025186691
       1      10    8.083790171    8.357355910
       1      11    9.009490004   10.750656985
       1      12    9.571667968   10.082178579
       1      13    9.958615443   10.881643273
  0.208333333  0.291666667  0.000000000      13
       1       1  -18.810593649  -23.318158895
       1       2  -12.123871679  -15.885348177
       1       3  -10.095966396  -13.686419970
       1       4   -5.493608229   -8.139665647
       1       5    1.200654386    2.649272387
       1       6    6.203117018    7.399884499
       1       7    7.379194237    8.095527691
       1       8    7.919013253    7.924788584
       1       9    8.617296867    8.911662676
       1      10    8.774509799    9.888696227
       1      11    9.332763920   10.252213397
       1      12   10.032140970   10.773736063
       1      13   10.738635101   11.935287028
  0.208333333  0.333333333  0.000000000      13
       1       1  -18.518331493  -23.016876550
       1       2  -12.529702351  -16.311134834
       1       3  -10.305909839  -13.928124129
       1       4   -5.044524291   -7.640248956
       1       5    0.692241229    2.094869358
       1       6    7.099764901    8.439529397
       1       7    8.078146528    9.194974287
       1       8    8.830137485    9.962004318
       1       9    9.117883556    9.610983161
       1      10    9.428283792    9.779728500
       1      11   10.173210195   10.716853328
       1      12   10.490260294   11.081518478
       1      13   10.976120629   12.170027058
  0.208333333  0.375000000  0.000000000      13
       1       1  -18.350067849  -22.845038629
       1       2  -12.759834502  -16.551292130
       1       3  -10.408851502  -14.046662527
       1       4   -4.775290118   -7.348020147
       1       5    0.390279722    1.772942506
       1       6    7.803087235    9.400968848
       1       7    8.412664957    9.869056291
       1       8    8.981544963   10.377620535
       1       9   10.108273801   10.888814269
       1      10   10.260398728   10.632344664
       1      11   10.364051537   10.862921949
       1      12   11.168269777   11.487904858
       1      13   11.456629789   11.650508375
  0.208333333  0.416666667  0.000000000      13
       1       1  -18.350067848  -22.845086174
       1       2  -12.759834502  -16.551202682
       1       3  -10.408851504  -14.046670631
       1       4   -4.775290120   -7.348045510
       1       5    0.390279727    1.772979841
       1       6    7.803087237    9.401313773
       1       7    8.412664952    9.869042723
       1       8    8.981544957   10.376840608
       1       9   10.108273802   10.889251737
       1      10   10.260398731   10.632388534
       1      11   10.364051537   10.863010665
       1      12   11.168269777   11.487911958
       1      13   11.456629788   11.650274098
  0.208333333  0.458333333  0.000000000      13
       1       1  -18.518331484  -23.016987231
       1       2  -12.529702358  -16.310885230
       1       3  -10.305909849  -13.928154408
       1       4   -5.044524288   -7.640305947
       1       5    0.692241233    2.094961705
       1       6    7.099764923    8.439849333
       1       7    8.078146532    9.194956762
       1       8    8.830137486    9.961666204
       1       9    9.117883572    9.610662667
       1      10    9.428283809    9.779757569
       1      11   10.173210210   10.716707310
       1      12   10.490260312   11.081591333
       1      13   10.976120627   12.170352730
  0.208333333  0.500000000  0.000000000      13
       1       1  -18.810593644  -23.318316568
       1       2  -12.123871674  -15.885028369
       1       3  -10.095966409  -13.686459384
       1       4   -5.493608237   -8.139732426
       1       5    1.200654406    2.649412768
       1       6    6.203117019    7.400019229
       1       7    7.379194232    8.095529156
       1       8    7.919013253    7.924826840
       1       9    8.617296863    8.911670092
       1      10    8.774509790    9.888809546
       1      11    9.332763901   10.251561701
       1      12   10.032140965   10.773791842
       1      13   10.738635096   11.935116016
  0.208333333  0.541666667  0.000000000      13
       1       1  -19.170050307  -23.692123602
       1       2  -11.617877155  -15.351786739
       1       3   -9.772915439  -13.315334884
       1       4   -6.024885517   -8.740222404
       1       5    1.805987565    3.316330602
       1       6    5.317666266    6.433595442
       1       7    6.563009915    7.073023462
       1       8    6.934256625    6.918958621
       1       9    7.771284855    8.025187711
       1      10    8.083790173    8.357472047
       1      11    9.009489959   10.750437464
       1      12    9.571667962   10.082207513
       1      13    9.958615440   10.881242454
  0.250000000  0.250000000  0.000000000      13
       1       1  -18.818571928  -23.327764049
       1       2  -11.980699136  -15.717144707
       1       3  -10.264884367  -13.884595787
       1       4   -5.507418403   -8.153895734
       1       5    1.271384945    2.727203631
       1       6    6.179439590    7.355526244
       1       7    7.314109697    8.041325111
       1       8    7.871120376    7.859310874
       1       9    8.552496761    8.848864167
       1      10    8.961366808    9.356996044
       1      11    9.534695761   11.292813073
       1      12    9.951183111   10.688608951
       1      13   10.512398484   11.683986279
  0.250000000  0.291666667  0.000000000      13
       1       1  -18.510949918  -23.010186411
       1       2  -12.299189384  -16.030276468
       1       3  -10.631333829  -14.315614714
       1       4   -5.037850611   -7.628322300
       1       5    0.789227048    2.199484075
       1       6    7.092267228    8.364996607
       1       7    7.906827831    9.058393372
       1       8    8.904766299    8.943015086
       1       9    9.292703069    9.627253224
       1      10    9.511428659   10.995510019
       1      11   10.099981890   10.800788286
       1      12   10.377743517   10.940800000
       1      13   11.133122465   12.452513509
  0.250000000  0.333333333  0.000000000      13
       1       1  -18.294561882  -22.789288622
       1       2  -12.528670088  -16.254058768
       1       3  -10.851433424  -14.577095056
       1       4   -4.692857931   -7.250441059
       1       5    0.436589773    1.821609587
       1       6    7.970290624    9.423637482
       1       7    8.124249805    9.600313956
       1       8    9.484024125   11.022167067
       1       9   10.089808315   10.181726122
       1      10   10.140890753   10.455000881
       1      11   10.783388739   11.900206892
       1      12   11.203893222   11.577491991
       1      13   11.505864894   12.061505160
  0.250000000  0.375000000  0.000000000      13
       1       1  -18.215645585  -22.710236922
       1       2  -12.613807917  -16.336669782
       1       3  -10.924101949  -14.663699966
       1       4   -4.562727754   -7.110944469
       1       5    0.303899563    1.682676780
       1       6    8.148083571    9.697110015
       1       7    8.450363272   10.132666528
       1       8    9.427301547   10.797300576
       1       9   10.621798621   11.882252850
       1      10   10.952818997   11.465634586
       1      11   11.338067511   11.337197122
       1      12   11.416143216   11.482740178
       1      13   11.510173813   11.632315245
  0.250000000  0.416666667  0.000000000      13
       1       1  -18.294561880  -22.789353342
       1       2  -12.528670085  -16.253937874
       1       3  -10.851433431  -14.577086863
       1       4   -4.692857937   -7.250480273
       1       5    0.436589785    1.821677368
       1       6    7.970290626    9.423830567
       1       7    8.124249796    9.600332507
       1       8    9.484024114   11.021631508
       1       9   10.089808314   10.181704184
       1      10   10.140890755   10.455030206
       1      11   10.783388737   11.900626299
       1      12   11.203893224   11.577522238
       1      13   11.505864893   12.061306049
  0.250000000  0.458333333  0.000000000      13
       1       1  -18.510949913  -23.010297269
       1       2  -12.299189377  -16.030102853
       1       3  -10.631333843  -14.315553302
       1       4   -5.037850620   -7.628388618
       1       5    0.789227070    2.199610272
       1       6    7.092267229    8.365030875
       1       7    7.906827819    9.058427554
       1       8    8.904766299    8.943033283
       1       9    9.292703067    9.627281322
       1      10    9.511428642   10.995375319
       1      11   10.099981878   10.800538948
       1      12   10.377743519   10.940842622
       1      13   11.133122465   12.452547638
  0.291666667  0.291666667  0.000000000      13
       1       1  -18.276217349  -22.770232750
       1       2  -12.403848715  -16.085116670
       1       3  -11.048393196  -14.825457399
       1       4   -4.665876021   -7.217956721
       1       5    0.458738668    1.844886321
       1       6    7.987101478    9.396902567
       1       7    8.014008152    9.494717371
       1       8    9.752138840   11.173812688
       1       9   10.065308192   10.348153799
       1      10   10.089944260   10.390046037
       1      11   10.920802575   11.850872884
       1      12   11.176427398   11.545949025
       1      13   11.641496275   12.549169010
  0.291666667  0.333333333  0.000000000      13
       1       1  -18.145434941  -22.639148755
       1       2  -12.447640402  -16.082725155
       1       3  -11.282681115  -15.127130082
       1       4   -4.450253313   -6.985086020
       1       5    0.267965864    1.645503572
       1       6    7.950367999    9.513700991
       1       7    8.689721492   10.341857275
       1       8    9.870623814   11.354336504
       1       9   11.002915744   12.090649457
       1      10   11.090164694   11.498321347
       1      11   11.312423312   11.579028825
       1      12   12.089405295   12.437502548
       1      13   12.334540139   12.607331182
  0.291666667  0.375000000  0.000000000      13
       1       1  -18.145434939  -22.639176023
       1       2  -12.447640398  -16.082707048
       1       3  -11.282681120  -15.127087628
       1       4   -4.450253317   -6.985106923
       1       5    0.267965872    1.645533515
       1       6    7.950367994    9.513723186
       1       7    8.689721493   10.341874572
       1       8    9.870623809   11.354152267
       1       9   11.002915742   12.090864985
       1      10   11.090164697   11.498335384
       1      11   11.312423312   11.579008744
       1      12   12.089405295   12.437503082
       1      13   12.334540140   12.607107110
  0.333333333  0.333333333  0.000000000      13
       1       1  -18.092930246  -22.585295029
       1       2  -12.383933047  -15.948251296
       1       3  -11.467406881  -15.392136667
       1       4   -4.362898379   -6.890502826
       1       5    0.208362275    1.584413268
       1       6    7.866556764    9.443493724
       1       7    8.956892561   10.723063209
       1       8   10.161399742   11.672451761
       1       9   10.950147096   12.110405812
       1      10   11.866909923   12.583349732
       1      11   12.268847885   12.612422884
       1      12   12.419462033   12.470804810
       1      13   12.481123675   12.487841987
