   0.0000000000   0.0000000000   0.0000000000          13           0
  1         1      -26.91953572           0.000000000    
  1         2      -18.51885024           0.000000000    
  1         3      -22.71000711           0.000000000    
  1         4      -22.71000711           0.000000000    
  1         5      -1.507172482           0.000000000    
  1         6     -0.6914833066           0.000000000    
  1         7     -0.1006227697           0.000000000    
  1         8     -0.4995887660           0.000000000    
  1         9     -0.4734989264           0.000000000    
  1        10     -0.9557936099           0.000000000    
  1        11     -0.9007779451           0.000000000    
  1        12      -7.455811296           0.000000000    
  1        13      -7.455811296           0.000000000    
   0.0000000000   0.0416666670   0.0000000000          13           0
  1         1      -26.91609483           0.000000000    
  1         2      -18.51182143           0.000000000    
  1         3      -22.68848520           0.000000000    
  1         4      -22.69338849           0.000000000    
  1         5      -1.507135165           0.000000000    
  1         6     -0.7018178784           0.000000000    
  1         7     -0.1007256537           0.000000000    
  1         8     -0.5070496127           0.000000000    
  1         9     -0.4730919200           0.000000000    
  1        10     -0.9874464497           0.000000000    
  1        11     -0.9025415649           0.000000000    
  1        12      -7.386202438           0.000000000    
  1        13      -7.457013455           0.000000000    
   0.0000000000   0.0833333330   0.0000000000          13           0
  1         1      -26.90621808           0.000000000    
  1         2      -18.49153809           0.000000000    
  1         3      -22.64247678           0.000000000    
  1         4      -22.65287479           0.000000000    
  1         5      -1.504804449           0.000000000    
  1         6     -0.7366177640           0.000000000    
  1         7     -0.1008585955           0.000000000    
  1         8     -0.5326897725           0.000000000    
  1         9     -0.4728474499           0.000000000    
  1        10      -1.101658422           0.000000000    
  1        11     -0.9280614078           0.000000000    
  1        12      -7.208339429           0.000000000    
  1        13      -3.113599247           0.000000000    
   0.0000000000   0.1250000000   0.0000000000          13           0
  1         1      -26.89115788           0.000000000    
  1         2      -18.45957532           0.000000000    
  1         3      -22.60621429           0.000000000    
  1         4      -22.60827163           0.000000000    
  1         5      -1.500113545           0.000000000    
  1         6     -0.8102954113           0.000000000    
  1         7     -0.1009179170           0.000000000    
  1         8     -0.5895593240           0.000000000    
  1         9     -0.4769307390           0.000000000    
  1        10      -1.382064983           0.000000000    
  1        11      -1.074110524           0.000000000    
  1        12      -6.883190664           0.000000000    
  1        13      -3.640407636           0.000000000    
   0.0000000000   0.1666666670   0.0000000000          13           0
  1         1      -26.87318046           0.000000000    
  1         2      -18.41922866           0.000000000    
  1         3      -22.59989101           0.000000000    
  1         4      -22.57603691           0.000000000    
  1         5      -1.501034803           0.000000000    
  1         6     -0.9654990092           0.000000000    
  1         7     -0.1014763595           0.000000000    
  1         8     -0.7192306974           0.000000000    
  1         9     -0.4960952011           0.000000000    
  1        10      -2.088962745           0.000000000    
  1        11      -1.763330540           0.000000000    
  1        12      -5.997864010           0.000000000    
  1        13      -3.442820947           0.000000000    
   0.0000000000   0.2083333330   0.0000000000          13           0
  1         1      -26.85585766           0.000000000    
  1         2      -18.37615781           0.000000000    
  1         3      -22.62371672           0.000000000    
  1         4      -22.56299070           0.000000000    
  1         5      -1.521494458           0.000000000    
  1         6      -1.351484051           0.000000000    
  1         7     -0.1041993688           0.000000000    
  1         8      -1.079438088           0.000000000    
  1         9     -0.5593797358           0.000000000    
  1        10      -3.315036070           0.000000000    
  1        11      -3.972229389           0.000000000    
  1        12      -1.858253531           0.000000000    
  1        13      -3.546179397           0.000000000    
   0.0000000000   0.2500000000   0.0000000000          13           0
  1         1      -26.84449953           0.000000000    
  1         2      -22.66542320           0.000000000    
  1         3      -18.33968458           0.000000000    
  1         4      -22.56775707           0.000000000    
  1         5      -1.582414038           0.000000000    
  1         6      -2.636556842           0.000000000    
  1         7     -0.1134774619           0.000000000    
  1         8      -2.034960965           0.000000000    
  1         9     -0.7777434702           0.000000000    
  1        10      -2.408069995           0.000000000    
  1        11      -5.436870667           0.000000000    
  1        12     -0.6707138591           0.000000000    
  1        13      -1.664003069           0.000000000    
   0.0000000000   0.2916666670   0.0000000000          13           0
  1         1      -26.84665122           0.000000000    
  1         2      -22.70739825           0.000000000    
  1         3      -22.58501468           0.000000000    
  1         4      -18.32551927           0.000000000    
  1         5      -1.725695369           0.000000000    
  1         6      -5.581017360           0.000000000    
  1         7     -0.1462352802           0.000000000    
  1         8      -1.192248444           0.000000000    
  1         9      -1.772790317           0.000000000    
  1        10     -0.6174367415           0.000000000    
  1        11      -4.751732595           0.000000000    
  1        12     -0.4072937789           0.000000000    
  1        13      -1.082638348           0.000000000    
   0.0000000000   0.3333333330   0.0000000000          13           0
  1         1      -26.87219160           0.000000000    
  1         2      -22.73014915           0.000000000    
  1         3      -22.60854261           0.000000000    
  1         4      -18.35831955           0.000000000    
  1         5      -6.648463427           0.000000000    
  1         6      -2.062263122           0.000000000    
  1         7     -0.4519476791           0.000000000    
  1         8     -0.3345959669           0.000000000    
  1         9      -4.249882804           0.000000000    
  1        10     -0.3110635275           0.000000000    
  1        11      -1.887013327           0.000000000    
  1        12     -0.3864344709           0.000000000    
  1        13     -0.8954048703           0.000000000    
   0.0000000000   0.3750000000   0.0000000000          13           0
  1         1      -26.93137580           0.000000000    
  1         2      -22.71572281           0.000000000    
  1         3      -22.63266869           0.000000000    
  1         4      -18.47353925           0.000000000    
  1         5      -6.662392255           0.000000000    
  1         6      -2.916133686           0.000000000    
  1         7     -0.3814133617           0.000000000    
  1         8      -3.124376989           0.000000000    
  1         9      -1.781461533           0.000000000    
  1        10     -0.2810613009           0.000000000    
  1        11     -0.7631176960           0.000000000    
  1        12     -0.4419973384           0.000000000    
  1        13     -0.8916641378           0.000000000    
   0.0000000000   0.4166666670   0.0000000000          13           0
  1         1      -27.02629623           0.000000000    
  1         2      -22.65633691           0.000000000    
  1         3      -22.65293650           0.000000000    
  1         4      -18.70224752           0.000000000    
  1         5      -6.422050884           0.000000000    
  1         6      -4.684774892           0.000000000    
  1         7      -3.179351281           0.000000000    
  1         8     -0.4426381305           0.000000000    
  1         9     -0.2210149429           0.000000000    
  1        10     -0.3079186194           0.000000000    
  1        11     -0.5529158795           0.000000000    
  1        12     -0.6090670250           0.000000000    
  1        13      -1.745676977           0.000000000    
   0.0000000000   0.4583333330   0.0000000000          13           0
  1         1      -27.13070141           0.000000000    
  1         2      -22.57458050           0.000000000    
  1         3      -22.66630458           0.000000000    
  1         4      -19.00288415           0.000000000    
  1         5      -6.099326113           0.000000000    
  1         6      -6.101653196           0.000000000    
  1         7      -1.960995784           0.000000000    
  1         8     -0.6073543705           0.000000000    
  1         9     -0.1300897407           0.000000000    
  1        10     -0.4154838123           0.000000000    
  1        11      -1.450781532           0.000000000    
  1        12     -0.5393231456           0.000000000    
  1        13     -0.7174356814           0.000000000    
   0.0000000000   0.5000000000   0.0000000000          13           0
  1         1      -27.17977638           0.000000000    
  1         2      -22.53329596           0.000000000    
  1         3      -22.67095453           0.000000000    
  1         4      -19.16204291           0.000000000    
  1         5      -5.931488680           0.000000000    
  1         6      -6.459328064           0.000000000    
  1         7      -1.755909406           0.000000000    
  1         8      -1.342109482           0.000000000    
  1         9      -1.138606679           0.000000000    
  1        10     -0.2016399409           0.000000000    
  1        11     -0.1013537015           0.000000000    
  1        12     -0.9241240263E-01       0.000000000    
  1        13     -0.3435980352           0.000000000    
   0.0000000000   0.5416666670   0.0000000000          13           0
  1         1      -27.13076206           0.000000000    
  1         2      -22.57450742           0.000000000    
  1         3      -22.66630032           0.000000000    
  1         4      -19.00290084           0.000000000    
  1         5      -6.099273447           0.000000000    
  1         6      -6.101649726           0.000000000    
  1         7      -1.961000272           0.000000000    
  1         8     -0.6073560503           0.000000000    
  1         9     -0.1300901533           0.000000000    
  1        10     -0.4154840325           0.000000000    
  1        11      -1.450779594           0.000000000    
  1        12     -0.5393224264           0.000000000    
  1        13     -0.7174325917           0.000000000    
   0.0000000000   0.5833333330   0.0000000000          13           0
  1         1      -27.02640308           0.000000000    
  1         2      -22.65620934           0.000000000    
  1         3      -22.65292909           0.000000000    
  1         4      -18.70227566           0.000000000    
  1         5      -6.421962785           0.000000000    
  1         6      -4.684772278           0.000000000    
  1         7      -3.179352366           0.000000000    
  1         8     -0.4426390131           0.000000000    
  1         9     -0.2210155276           0.000000000    
  1        10     -0.3079189753           0.000000000    
  1        11     -0.5529184279           0.000000000    
  1        12     -0.6090661363           0.000000000    
  1        13      -1.745682417           0.000000000    
   0.0000000000   0.6250000000   0.0000000000          13           0
  1         1      -26.93151144           0.000000000    
  1         2      -22.71556235           0.000000000    
  1         3      -22.63265927           0.000000000    
  1         4      -18.47357349           0.000000000    
  1         5      -6.662287427           0.000000000    
  1         6      -2.916135170           0.000000000    
  1         7     -0.3814127764           0.000000000    
  1         8      -3.124374128           0.000000000    
  1         9      -1.781461395           0.000000000    
  1        10     -0.2810611821           0.000000000    
  1        11     -0.7631208071           0.000000000    
  1        12     -0.4419968414           0.000000000    
  1        13     -0.8916707379           0.000000000    
   0.0000000000   0.6666666670   0.0000000000          13           0
  1         1      -26.87234251           0.000000000    
  1         2      -22.72997206           0.000000000    
  1         3      -22.60853194           0.000000000    
  1         4      -18.35835640           0.000000000    
  1         5      -6.648358413           0.000000000    
  1         6      -2.062267214           0.000000000    
  1         7     -0.4519428525           0.000000000    
  1         8     -0.3345956578           0.000000000    
  1         9      -4.249878473           0.000000000    
  1        10     -0.3110616570           0.000000000    
  1        11      -1.887016769           0.000000000    
  1        12     -0.3864334144           0.000000000    
  1        13     -0.8954122367           0.000000000    
   0.0000000000   0.7083333330   0.0000000000          13           0
  1         1      -26.84680790           0.000000000    
  1         2      -22.70721570           0.000000000    
  1         3      -22.58500327           0.000000000    
  1         4      -18.32555657           0.000000000    
  1         5      -1.725700799           0.000000000    
  1         6      -5.580939885           0.000000000    
  1         7     -0.1462354350           0.000000000    
  1         8      -1.192227421           0.000000000    
  1         9      -1.772788505           0.000000000    
  1        10     -0.6174270579           0.000000000    
  1        11      -4.751733541           0.000000000    
  1        12     -0.4072905256           0.000000000    
  1        13      -1.082647292           0.000000000    
   0.0000000000   0.7500000000   0.0000000000          13           0
  1         1      -26.84465476           0.000000000    
  1         2      -22.66524350           0.000000000    
  1         3      -18.33972079           0.000000000    
  1         4      -22.56774534           0.000000000    
  1         5      -1.582420257           0.000000000    
  1         6      -2.636532617           0.000000000    
  1         7     -0.1134777786           0.000000000    
  1         8      -2.034933091           0.000000000    
  1         9     -0.7777439801           0.000000000    
  1        10      -2.408029146           0.000000000    
  1        11      -5.436869743           0.000000000    
  1        12     -0.6707032926           0.000000000    
  1        13      -1.664014750           0.000000000    
   0.0000000000   0.7916666670   0.0000000000          13           0
  1         1      -26.85600506           0.000000000    
  1         2      -18.37619163           0.000000000    
  1         3      -22.62354710           0.000000000    
  1         4      -22.56297910           0.000000000    
  1         5      -1.521501160           0.000000000    
  1         6      -1.351477629           0.000000000    
  1         7     -0.1041997731           0.000000000    
  1         8      -1.079429553           0.000000000    
  1         9     -0.5593811975           0.000000000    
  1        10      -3.314993237           0.000000000    
  1        11      -3.972227270           0.000000000    
  1        12      -1.858222242           0.000000000    
  1        13      -3.546195146           0.000000000    
   0.0000000000   0.8333333330   0.0000000000          13           0
  1         1      -26.87331344           0.000000000    
  1         2      -18.41925876           0.000000000    
  1         3      -22.59973884           0.000000000    
  1         4      -22.57602601           0.000000000    
  1         5      -1.501041684           0.000000000    
  1         6     -0.9654968876           0.000000000    
  1         7     -0.1014768086           0.000000000    
  1         8     -0.7192277799           0.000000000    
  1         9     -0.4960971184           0.000000000    
  1        10      -2.088945523           0.000000000    
  1        11      -1.763330477           0.000000000    
  1        12      -5.997880899           0.000000000    
  1        13      -3.442775506           0.000000000    
   0.0000000000   0.8750000000   0.0000000000          13           0
  1         1      -26.89126898           0.000000000    
  1         2      -18.45960020           0.000000000    
  1         3      -22.60608775           0.000000000    
  1         4      -22.60826218           0.000000000    
  1         5      -1.500120122           0.000000000    
  1         6     -0.8102947150           0.000000000    
  1         7     -0.1009183626           0.000000000    
  1         8     -0.5895581753           0.000000000    
  1         9     -0.4769327789           0.000000000    
  1        10      -1.382058582           0.000000000    
  1        11      -1.074112949           0.000000000    
  1        12      -6.883207183           0.000000000    
  1        13      -3.640373906           0.000000000    
   0.0000000000   0.9166666670   0.0000000000          13           0
  1         1      -26.90629909           0.000000000    
  1         2      -18.49155609           0.000000000    
  1         3      -22.64238490           0.000000000    
  1         4      -22.65286766           0.000000000    
  1         5      -1.504809900           0.000000000    
  1         6     -0.7366175986           0.000000000    
  1         7     -0.1008589693           0.000000000    
  1         8     -0.5326893253           0.000000000    
  1         9     -0.4728492249           0.000000000    
  1        10      -1.101655799           0.000000000    
  1        11     -0.9280644824           0.000000000    
  1        12      -7.208354401           0.000000000    
  1        13      -3.113581704           0.000000000    
   0.0000000000   0.9583333330   0.0000000000          13           0
  1         1      -26.91613789           0.000000000    
  1         2      -18.51183094           0.000000000    
  1         3      -22.68843666           0.000000000    
  1         4      -22.69338446           0.000000000    
  1         5      -1.507138355           0.000000000    
  1         6     -0.7018178727           0.000000000    
  1         7     -0.1007258723           0.000000000    
  1         8     -0.5070494667           0.000000000    
  1         9     -0.4730929774           0.000000000    
  1        10     -0.9874454717           0.000000000    
  1        11     -0.9025436443           0.000000000    
  1        12      -7.386212132           0.000000000    
  1        13      -7.457065421           0.000000000    
   0.0416666670   0.0416666670   0.0000000000          13           0
  1         1      -26.90943547           0.000000000    
  1         2      -18.49823389           0.000000000    
  1         3      -22.65971778           0.000000000    
  1         4      -22.65993137           0.000000000    
  1         5      -1.505747502           0.000000000    
  1         6     -0.7243653806           0.000000000    
  1         7     -0.1008261286           0.000000000    
  1         8     -0.5235649247           0.000000000    
  1         9     -0.4725572827           0.000000000    
  1        10      -1.060048065           0.000000000    
  1        11     -0.9110239410           0.000000000    
  1        12      -7.320931518           0.000000000    
  1        13      -2.970574221           0.000000000    
   0.0416666670   0.0833333330   0.0000000000          13           0
  1         1      -26.89695658           0.000000000    
  1         2      -18.47205753           0.000000000    
  1         3      -22.62854795           0.000000000    
  1         4      -22.60755794           0.000000000    
  1         5      -1.501154592           0.000000000    
  1         6     -0.7779882625           0.000000000    
  1         7     -0.1008120648           0.000000000    
  1         8     -0.5642016754           0.000000000    
  1         9     -0.4730600328           0.000000000    
  1        10      -1.252842018           0.000000000    
  1        11     -0.9564800746           0.000000000    
  1        12      -7.173290346           0.000000000    
  1        13      -3.480448208           0.000000000    
   0.0416666670   0.1250000000   0.0000000000          13           0
  1         1      -26.88040086           0.000000000    
  1         2      -18.43579999           0.000000000    
  1         3      -22.61467636           0.000000000    
  1         4      -22.56189160           0.000000000    
  1         5      -1.496966743           0.000000000    
  1         6     -0.8888834823           0.000000000    
  1         7     -0.1008282293           0.000000000    
  1         8     -0.6536494034           0.000000000    
  1         9     -0.4804091236           0.000000000    
  1        10      -1.728286491           0.000000000    
  1        11      -1.197003950           0.000000000    
  1        12      -6.762032297           0.000000000    
  1        13      -3.680235005           0.000000000    
   0.0416666670   0.1666666670   0.0000000000          13           0
  1         1      -26.86265542           0.000000000    
  1         2      -18.39382956           0.000000000    
  1         3      -22.62614092           0.000000000    
  1         4      -22.53655284           0.000000000    
  1         5      -1.503606098           0.000000000    
  1         6      -1.139484153           0.000000000    
  1         7     -0.1018148733           0.000000000    
  1         8     -0.8767966316           0.000000000    
  1         9     -0.5097414571           0.000000000    
  1        10      -2.821096206           0.000000000    
  1        11      -2.374222721           0.000000000    
  1        12      -2.649115163           0.000000000    
  1        13      -5.369196625           0.000000000    
   0.0416666670   0.2083333330   0.0000000000          13           0
  1         1      -26.84811726           0.000000000    
  1         2      -22.65842131           0.000000000    
  1         3      -18.35348254           0.000000000    
  1         4      -22.53317140           0.000000000    
  1         5      -1.536772864           0.000000000    
  1         6      -1.863465668           0.000000000    
  1         7     -0.1061130558           0.000000000    
  1         8      -1.556259413           0.000000000    
  1         9     -0.6067752558           0.000000000    
  1        10      -3.265566786           0.000000000    
  1        11      -4.828666170           0.000000000    
  1        12      -1.026229583           0.000000000    
  1        13      -2.622070897           0.000000000    
   0.0416666670   0.2500000000   0.0000000000          13           0
  1         1      -26.84317447           0.000000000    
  1         2      -22.69833850           0.000000000    
  1         3      -18.32698582           0.000000000    
  1         4      -22.54672225           0.000000000    
  1         5      -1.622708209           0.000000000    
  1         6      -4.245007250           0.000000000    
  1         7     -0.1206636859           0.000000000    
  1         8      -1.921576990           0.000000000    
  1         9     -0.9800052697           0.000000000    
  1        10      -1.156368113           0.000000000    
  1        11      -5.478275098           0.000000000    
  1        12     -0.4719801155           0.000000000    
  1        13      -1.373836313           0.000000000    
   0.0416666670   0.2916666670   0.0000000000          13           0
  1         1      -26.85659205           0.000000000    
  1         2      -22.72849312           0.000000000    
  1         3      -22.57012397           0.000000000    
  1         4      -18.33416842           0.000000000    
  1         5      -6.415689707           0.000000000    
  1         6      -1.821336802           0.000000000    
  1         7     -0.6367693770           0.000000000    
  1         8     -0.1791467366           0.000000000    
  1         9      -2.752189043           0.000000000    
  1        10     -0.3809649794           0.000000000    
  1        11      -3.736622909           0.000000000    
  1        12     -0.3838989871           0.000000000    
  1        13      -1.003578957           0.000000000    
   0.0416666670   0.3333333330   0.0000000000          13           0
  1         1      -26.89889961           0.000000000    
  1         2      -22.73031527           0.000000000    
  1         3      -22.59666663           0.000000000    
  1         4      -18.40527363           0.000000000    
  1         5      -6.720298610           0.000000000    
  1         6      -2.304511910           0.000000000    
  1         7     -0.3877925817           0.000000000    
  1         8     -0.7168230216           0.000000000    
  1         9      -4.345639286           0.000000000    
  1        10     -0.2844820254           0.000000000    
  1        11      -1.209747489           0.000000000    
  1        12     -0.4118159230           0.000000000    
  1        13     -0.8999487807           0.000000000    
   0.0416666670   0.3750000000   0.0000000000          13           0
  1         1      -26.97789127           0.000000000    
  1         2      -22.68962426           0.000000000    
  1         3      -22.62104367           0.000000000    
  1         4      -18.57756619           0.000000000    
  1         5      -6.569814754           0.000000000    
  1         6      -3.529378199           0.000000000    
  1         7      -3.886609206           0.000000000    
  1         8     -0.4082384904           0.000000000    
  1         9     -0.5704178279           0.000000000    
  1        10     -0.2923295129           0.000000000    
  1        11     -0.6355701768           0.000000000    
  1        12     -0.5183555899           0.000000000    
  1        13      -1.087115166           0.000000000    
   0.0416666670   0.4166666670   0.0000000000          13           0
  1         1      -27.08431511           0.000000000    
  1         2      -22.61105298           0.000000000    
  1         3      -22.63932630           0.000000000    
  1         4      -18.85917515           0.000000000    
  1         5      -6.264632048           0.000000000    
  1         6      -5.417789617           0.000000000    
  1         7      -2.576715756           0.000000000    
  1         8     -0.5207944047           0.000000000    
  1         9     -0.1551888242           0.000000000    
  1        10     -0.3508076040           0.000000000    
  1        11     -0.6045699955           0.000000000    
  1        12      -1.669091923           0.000000000    
  1        13     -0.8702962299           0.000000000    
   0.0416666670   0.4583333330   0.0000000000          13           0
  1         1      -27.17055230           0.000000000    
  1         2      -22.53940724           0.000000000    
  1         3      -22.64908529           0.000000000    
  1         4      -19.12609614           0.000000000    
  1         5      -5.980821262           0.000000000    
  1         6      -6.342132804           0.000000000    
  1         7      -1.783112588           0.000000000    
  1         8     -0.8499437861           0.000000000    
  1         9      -1.298406708           0.000000000    
  1        10     -0.2923681014           0.000000000    
  1        11     -0.6083112499           0.000000000    
  1        12     -0.1914867990           0.000000000    
  1        13     -0.3771780792           0.000000000    
   0.0416666670   0.5000000000   0.0000000000          13           0
  1         1      -27.17058356           0.000000000    
  1         2      -22.53936946           0.000000000    
  1         3      -22.64908301           0.000000000    
  1         4      -19.12610491           0.000000000    
  1         5      -5.980793585           0.000000000    
  1         6      -6.342130829           0.000000000    
  1         7      -1.783117152           0.000000000    
  1         8     -0.8499454198           0.000000000    
  1         9      -1.298403316           0.000000000    
  1        10     -0.2923676801           0.000000000    
  1        11     -0.6083097759           0.000000000    
  1        12     -0.1914862740           0.000000000    
  1        13     -0.3771789466           0.000000000    
   0.0416666670   0.5416666670   0.0000000000          13           0
  1         1      -27.08440062           0.000000000    
  1         2      -22.61095046           0.000000000    
  1         3      -22.63932013           0.000000000    
  1         4      -18.85919825           0.000000000    
  1         5      -6.264559407           0.000000000    
  1         6      -5.417786131           0.000000000    
  1         7      -2.576718879           0.000000000    
  1         8     -0.5207955913           0.000000000    
  1         9     -0.1551893416           0.000000000    
  1        10     -0.3508078476           0.000000000    
  1        11     -0.6045724257           0.000000000    
  1        12      -1.669090682           0.000000000    
  1        13     -0.8702938256           0.000000000    
   0.0416666670   0.5833333330   0.0000000000          13           0
  1         1      -26.97801384           0.000000000    
  1         2      -22.68947877           0.000000000    
  1         3      -22.62103484           0.000000000    
  1         4      -18.57759786           0.000000000    
  1         5      -6.569716572           0.000000000    
  1         6      -3.529378114           0.000000000    
  1         7      -3.886607491           0.000000000    
  1         8     -0.4082387234           0.000000000    
  1         9     -0.5704184629           0.000000000    
  1        10     -0.2923296227           0.000000000    
  1        11     -0.6355731147           0.000000000    
  1        12     -0.5183547308           0.000000000    
  1        13      -1.087122764           0.000000000    
   0.0416666670   0.6250000000   0.0000000000          13           0
  1         1      -26.89904356           0.000000000    
  1         2      -22.73014599           0.000000000    
  1         3      -22.59665607           0.000000000    
  1         4      -18.40530944           0.000000000    
  1         5      -6.720191855           0.000000000    
  1         6      -2.304515160           0.000000000    
  1         7     -0.3877905657           0.000000000    
  1         8     -0.7168221364           0.000000000    
  1         9      -4.345635978           0.000000000    
  1        10     -0.2844812920           0.000000000    
  1        11      -1.209751111           0.000000000    
  1        12     -0.4118151117           0.000000000    
  1        13     -0.8999562993           0.000000000    
   0.0416666670   0.6666666670   0.0000000000          13           0
  1         1      -26.85674605           0.000000000    
  1         2      -22.72831355           0.000000000    
  1         3      -22.57011226           0.000000000    
  1         4      -18.33420562           0.000000000    
  1         5      -6.415592961           0.000000000    
  1         6      -1.821341765           0.000000000    
  1         7     -0.6367595591           0.000000000    
  1         8     -0.1791467775           0.000000000    
  1         9      -2.752185828           0.000000000    
  1        10     -0.3809609406           0.000000000    
  1        11      -3.736625634           0.000000000    
  1        12     -0.3838971205           0.000000000    
  1        13      -1.003587824           0.000000000    
   0.0416666670   0.7083333330   0.0000000000          13           0
  1         1      -26.84333038           0.000000000    
  1         2      -22.69815817           0.000000000    
  1         3      -18.32702264           0.000000000    
  1         4      -22.54670978           0.000000000    
  1         5      -1.622714144           0.000000000    
  1         6      -4.244956851           0.000000000    
  1         7     -0.1206639530           0.000000000    
  1         8      -1.921545584           0.000000000    
  1         9     -0.9800051616           0.000000000    
  1        10      -1.156347817           0.000000000    
  1        11      -5.478275427           0.000000000    
  1        12     -0.4719745739           0.000000000    
  1        13      -1.373847666           0.000000000    
   0.0416666670   0.7500000000   0.0000000000          13           0
  1         1      -26.84826843           0.000000000    
  1         2      -22.65824794           0.000000000    
  1         3      -18.35351759           0.000000000    
  1         4      -22.53315851           0.000000000    
  1         5      -1.536779397           0.000000000    
  1         6      -1.863452874           0.000000000    
  1         7     -0.1061134325           0.000000000    
  1         8      -1.556242542           0.000000000    
  1         9     -0.6067764570           0.000000000    
  1        10      -3.265517452           0.000000000    
  1        11      -4.828665107           0.000000000    
  1        12      -1.026211980           0.000000000    
  1        13      -2.622086797           0.000000000    
   0.0416666670   0.7916666670   0.0000000000          13           0
  1         1      -26.86279542           0.000000000    
  1         2      -18.39386153           0.000000000    
  1         3      -22.62598179           0.000000000    
  1         4      -22.53653998           0.000000000    
  1         5      -1.503612939           0.000000000    
  1         6      -1.139480279           0.000000000    
  1         7     -0.1018153111           0.000000000    
  1         8     -0.8767914764           0.000000000    
  1         9     -0.5097432661           0.000000000    
  1        10      -2.821066055           0.000000000    
  1        11      -2.374221734           0.000000000    
  1        12      -2.649075156           0.000000000    
  1        13      -5.369216861           0.000000000    
   0.0416666670   0.8333333330   0.0000000000          13           0
  1         1      -26.88052273           0.000000000    
  1         2      -18.43582748           0.000000000    
  1         3      -22.61453918           0.000000000    
  1         4      -22.56187944           0.000000000    
  1         5      -1.496973503           0.000000000    
  1         6     -0.8888821498           0.000000000    
  1         7     -0.1008286846           0.000000000    
  1         8     -0.6536474718           0.000000000    
  1         9     -0.4804111843           0.000000000    
  1        10      -1.728275414           0.000000000    
  1        11      -1.197005949           0.000000000    
  1        12      -6.762053780           0.000000000    
  1        13      -3.680193601           0.000000000    
   0.0416666670   0.8750000000   0.0000000000          13           0
  1         1      -26.89705251           0.000000000    
  1         2      -18.47207895           0.000000000    
  1         3      -22.62844105           0.000000000    
  1         4      -22.60754751           0.000000000    
  1         5      -1.501160620           0.000000000    
  1         6     -0.7779878462           0.000000000    
  1         7     -0.1008124792           0.000000000    
  1         8     -0.5642008957           0.000000000    
  1         9     -0.4730619888           0.000000000    
  1        10      -1.252837647           0.000000000    
  1        11     -0.9564833752           0.000000000    
  1        12      -7.173312336           0.000000000    
  1        13      -3.480422210           0.000000000    
   0.0833333330   0.0833333330   0.0000000000          13           0
  1         1      -26.88295489           0.000000000    
  1         2      -18.44153097           0.000000000    
  1         3      -22.63730318           0.000000000    
  1         4      -22.53679782           0.000000000    
  1         5      -1.495103317           0.000000000    
  1         6     -0.8667498648           0.000000000    
  1         7     -0.1005270145           0.000000000    
  1         8     -0.6352227475           0.000000000    
  1         9     -0.4737283790           0.000000000    
  1        10      -1.626662917           0.000000000    
  1        11     -0.9914549355           0.000000000    
  1        12      -7.189853662           0.000000000    
  1        13      -3.709186854           0.000000000    
   0.0833333330   0.1250000000   0.0000000000          13           0
  1         1      -26.86653019           0.000000000    
  1         2      -18.40342764           0.000000000    
  1         3      -22.65933607           0.000000000    
  1         4      -22.47999198           0.000000000    
  1         5      -1.492018405           0.000000000    
  1         6      -1.058214838           0.000000000    
  1         7     -0.1003190606           0.000000000    
  1         8     -0.8016249119           0.000000000    
  1         9     -0.4810236084           0.000000000    
  1        10      -2.506241165           0.000000000    
  1        11      -1.215018472           0.000000000    
  1        12      -3.035253525           0.000000000    
  1        13      -6.891576868           0.000000000    
   0.0833333330   0.1666666670   0.0000000000          13           0
  1         1      -26.85131808           0.000000000    
  1         2      -22.68719308           0.000000000    
  1         3      -18.36353217           0.000000000    
  1         4      -22.45656985           0.000000000    
  1         5      -1.502658678           0.000000000    
  1         6      -1.551536579           0.000000000    
  1         7     -0.1013157005           0.000000000    
  1         8      -1.272071683           0.000000000    
  1         9     -0.5124917095           0.000000000    
  1        10      -3.443111691           0.000000000    
  1        11      -2.661967455           0.000000000    
  1        12      -1.413968157           0.000000000    
  1        13      -5.228042134           0.000000000    
   0.0833333330   0.2083333330   0.0000000000          13           0
  1         1      -26.84270092           0.000000000    
  1         2      -22.71726369           0.000000000    
  1         3      -18.33149556           0.000000000    
  1         4      -22.46278082           0.000000000    
  1         5      -1.543479743           0.000000000    
  1         6      -3.177429592           0.000000000    
  1         7     -0.1062450831           0.000000000    
  1         8      -2.155188549           0.000000000    
  1         9     -0.6240643741           0.000000000    
  1        10      -1.896635627           0.000000000    
  1        11      -5.201914520           0.000000000    
  1        12     -0.5713713431           0.000000000    
  1        13      -2.350193754           0.000000000    
   0.0833333330   0.2500000000   0.0000000000          13           0
  1         1      -26.84826178           0.000000000    
  1         2      -22.74151061           0.000000000    
  1         3      -22.48721852           0.000000000    
  1         4      -18.32316589           0.000000000    
  1         5      -5.960459329           0.000000000    
  1         6      -1.644534640           0.000000000    
  1         7     -0.9798192603           0.000000000    
  1         8     -0.1238614326           0.000000000    
  1         9     -0.5132579604           0.000000000    
  1        10      -1.101745310           0.000000000    
  1        11      -5.479505289           0.000000000    
  1        12     -0.3958704328           0.000000000    
  1        13      -1.336945824           0.000000000    
   0.0833333330   0.2916666670   0.0000000000          13           0
  1         1      -26.87780851           0.000000000    
  1         2      -22.74608612           0.000000000    
  1         3      -22.51930567           0.000000000    
  1         4      -18.36344204           0.000000000    
  1         5      -6.734658850           0.000000000    
  1         6      -1.879361777           0.000000000    
  1         7     -0.4291566241           0.000000000    
  1         8     -0.2043055635           0.000000000    
  1         9      -3.366307340           0.000000000    
  1        10     -0.2999317653           0.000000000    
  1        11      -3.112925177           0.000000000    
  1        12     -0.3995454848           0.000000000    
  1        13      -1.050512554           0.000000000    
   0.0833333330   0.3333333330   0.0000000000          13           0
  1         1      -26.94125085           0.000000000    
  1         2      -22.71574515           0.000000000    
  1         3      -22.55109600           0.000000000    
  1         4      -18.48756283           0.000000000    
  1         5      -6.701769301           0.000000000    
  1         6      -2.469288107           0.000000000    
  1         7     -0.3951583507           0.000000000    
  1         8      -1.329158648           0.000000000    
  1         9      -3.849600009           0.000000000    
  1        10     -0.2873016697           0.000000000    
  1        11     -0.9852943186           0.000000000    
  1        12     -0.4874683012           0.000000000    
  1        13      -1.045554463           0.000000000    
   0.0833333330   0.3750000000   0.0000000000          13           0
  1         1      -27.03986124           0.000000000    
  1         2      -22.64438262           0.000000000    
  1         3      -22.57720581           0.000000000    
  1         4      -18.72587246           0.000000000    
  1         5      -6.445535397           0.000000000    
  1         6      -3.949575388           0.000000000    
  1         7      -3.804129308           0.000000000    
  1         8     -0.4855788026           0.000000000    
  1         9     -0.3277678927           0.000000000    
  1        10     -0.3320117992           0.000000000    
  1        11     -0.6163009689           0.000000000    
  1        12     -0.7433086599           0.000000000    
  1        13      -1.977097344           0.000000000    
   0.0833333330   0.4166666670   0.0000000000          13           0
  1         1      -27.14637818           0.000000000    
  1         2      -22.55559928           0.000000000    
  1         3      -22.59413699           0.000000000    
  1         4      -19.03402158           0.000000000    
  1         5      -6.113285139           0.000000000    
  1         6      -5.770693519           0.000000000    
  1         7      -2.297977519           0.000000000    
  1         8     -0.7234045510           0.000000000    
  1         9     -0.1436476496           0.000000000    
  1        10     -0.4885367819           0.000000000    
  1        11      -1.541237235           0.000000000    
  1        12     -0.5699026900           0.000000000    
  1        13     -0.8012246939           0.000000000    
   0.0833333330   0.4583333330   0.0000000000          13           0
  1         1      -27.19596676           0.000000000    
  1         2      -22.51216170           0.000000000    
  1         3      -22.59998554           0.000000000    
  1         4      -19.19589030           0.000000000    
  1         5      -5.942088802           0.000000000    
  1         6      -6.332414026           0.000000000    
  1         7      -1.837966146           0.000000000    
  1         8      -1.473875950           0.000000000    
  1         9      -1.356776382           0.000000000    
  1        10     -0.2144633397           0.000000000    
  1        11     -0.1058948870           0.000000000    
  1        12     -0.9936309972E-01       0.000000000    
  1        13     -0.3556909689           0.000000000    
   0.0833333330   0.5000000000   0.0000000000          13           0
  1         1      -27.14643754           0.000000000    
  1         2      -22.55552795           0.000000000    
  1         3      -22.59413228           0.000000000    
  1         4      -19.03403817           0.000000000    
  1         5      -6.113233243           0.000000000    
  1         6      -5.770690638           0.000000000    
  1         7      -2.297981712           0.000000000    
  1         8     -0.7234054570           0.000000000    
  1         9     -0.1436480989           0.000000000    
  1        10     -0.4885362270           0.000000000    
  1        11      -1.541237250           0.000000000    
  1        12     -0.5699020417           0.000000000    
  1        13     -0.8012221442           0.000000000    
   0.0833333330   0.5416666670   0.0000000000          13           0
  1         1      -27.03996601           0.000000000    
  1         2      -22.64425806           0.000000000    
  1         3      -22.57719747           0.000000000    
  1         4      -18.72590044           0.000000000    
  1         5      -6.445448662           0.000000000    
  1         6      -3.949574439           0.000000000    
  1         7      -3.804129428           0.000000000    
  1         8     -0.4855792479           0.000000000    
  1         9     -0.3277685915           0.000000000    
  1        10     -0.3320116459           0.000000000    
  1        11     -0.6163040275           0.000000000    
  1        12     -0.7433059759           0.000000000    
  1        13      -1.977108258           0.000000000    
   0.0833333330   0.5833333330   0.0000000000          13           0
  1         1      -26.94138407           0.000000000    
  1         2      -22.71558863           0.000000000    
  1         3      -22.55108507           0.000000000    
  1         4      -18.48759692           0.000000000    
  1         5      -6.701666173           0.000000000    
  1         6      -2.469290758           0.000000000    
  1         7     -0.3951576652           0.000000000    
  1         8      -1.329157317           0.000000000    
  1         9      -3.849598271           0.000000000    
  1        10     -0.2873012997           0.000000000    
  1        11     -0.9852982288           0.000000000    
  1        12     -0.4874668084           0.000000000    
  1        13      -1.045564207           0.000000000    
   0.0833333330   0.6250000000   0.0000000000          13           0
  1         1      -26.87795679           0.000000000    
  1         2      -22.74591394           0.000000000    
  1         3      -22.51929274           0.000000000    
  1         4      -18.36347871           0.000000000    
  1         5      -6.734554940           0.000000000    
  1         6      -1.879366400           0.000000000    
  1         7     -0.4291525499           0.000000000    
  1         8     -0.2043055298           0.000000000    
  1         9      -3.366303907           0.000000000    
  1        10     -0.2999300865           0.000000000    
  1        11      -3.112929537           0.000000000    
  1        12     -0.3995439892           0.000000000    
  1        13      -1.050523281           0.000000000    
   0.0833333330   0.6666666670   0.0000000000          13           0
  1         1      -26.84841561           0.000000000    
  1         2      -22.74133431           0.000000000    
  1         3      -22.48720381           0.000000000    
  1         4      -18.32320294           0.000000000    
  1         5      -5.960377249           0.000000000    
  1         6      -1.644540371           0.000000000    
  1         7     -0.9798026134           0.000000000    
  1         8     -0.1238616702           0.000000000    
  1         9     -0.5132506471           0.000000000    
  1        10      -1.101744861           0.000000000    
  1        11      -5.479507894           0.000000000    
  1        12     -0.3958674525           0.000000000    
  1        13      -1.336959492           0.000000000    
   0.0833333330   0.7083333330   0.0000000000          13           0
  1         1      -26.84285300           0.000000000    
  1         2      -22.71709214           0.000000000    
  1         3      -18.33153143           0.000000000    
  1         4      -22.46276431           0.000000000    
  1         5      -1.543486161           0.000000000    
  1         6      -3.177398855           0.000000000    
  1         7     -0.1062454463           0.000000000    
  1         8      -2.155158203           0.000000000    
  1         9     -0.6240654853           0.000000000    
  1        10      -1.896603898           0.000000000    
  1        11      -5.201916109           0.000000000    
  1        12     -0.5713632238           0.000000000    
  1        13      -2.350213664           0.000000000    
   0.0833333330   0.7500000000   0.0000000000          13           0
  1         1      -26.85146189           0.000000000    
  1         2      -22.68703426           0.000000000    
  1         3      -18.36356549           0.000000000    
  1         4      -22.45655147           0.000000000    
  1         5      -1.502665473           0.000000000    
  1         6      -1.551528370           0.000000000    
  1         7     -0.1013161346           0.000000000    
  1         8      -1.272060707           0.000000000    
  1         9     -0.5124935312           0.000000000    
  1        10      -3.443066494           0.000000000    
  1        11      -2.661967125           0.000000000    
  1        12      -1.413945098           0.000000000    
  1        13      -5.228072205           0.000000000    
   0.0833333330   0.7916666670   0.0000000000          13           0
  1         1      -26.86665908           0.000000000    
  1         2      -18.40345706           0.000000000    
  1         3      -22.65919765           0.000000000    
  1         4      -22.47997207           0.000000000    
  1         5      -1.492025208           0.000000000    
  1         6      -1.058212090           0.000000000    
  1         7     -0.1003195217           0.000000000    
  1         8     -0.8016212040           0.000000000    
  1         9     -0.4810257439           0.000000000    
  1        10      -2.506218957           0.000000000    
  1        11      -1.215021188           0.000000000    
  1        12      -3.035213505           0.000000000    
  1        13      -6.891613082           0.000000000    
   0.1250000000   0.1250000000   0.0000000000          13           0
  1         1      -26.85255225           0.000000000    
  1         2      -22.71707682           0.000000000    
  1         3      -18.36716991           0.000000000    
  1         4      -22.40571191           0.000000000    
  1         5      -1.490314461           0.000000000    
  1         6      -1.466959067           0.000000000    
  1         7     -0.9973264063E-01       0.000000000    
  1         8      -1.190550039           0.000000000    
  1         9     -0.4843033910           0.000000000    
  1        10      -3.428137980           0.000000000    
  1        11      -1.233354381           0.000000000    
  1        12      -1.582431377           0.000000000    
  1        13      -7.014051924           0.000000000    
   0.1250000000   0.1666666670   0.0000000000          13           0
  1         1      -26.84300503           0.000000000    
  1         2      -22.76110410           0.000000000    
  1         3      -18.33481637           0.000000000    
  1         4      -22.37345168           0.000000000    
  1         5      -1.502473424           0.000000000    
  1         6      -2.700806989           0.000000000    
  1         7     -0.1002606693           0.000000000    
  1         8      -2.074432902           0.000000000    
  1         9     -0.5082115126           0.000000000    
  1        10      -2.375535802           0.000000000    
  1        11     -0.6557620995           0.000000000    
  1        12      -2.563672025           0.000000000    
  1        13      -5.610082964           0.000000000    
   0.1250000000   0.2083333330   0.0000000000          13           0
  1         1      -26.84438749           0.000000000    
  1         2      -22.78197784           0.000000000    
  1         3      -22.38423308           0.000000000    
  1         4      -18.31902454           0.000000000    
  1         5      -1.545456328           0.000000000    
  1         6      -5.436105024           0.000000000    
  1         7     -0.1046821951           0.000000000    
  1         8      -1.349940193           0.000000000    
  1         9     -0.6803428981           0.000000000    
  1        10     -0.6078493220           0.000000000    
  1        11      -5.444579195           0.000000000    
  1        12     -0.4136430471           0.000000000    
  1        13      -2.409119808           0.000000000    
   0.1250000000   0.2500000000   0.0000000000          13           0
  1         1      -26.86543678           0.000000000    
  1         2      -22.77882744           0.000000000    
  1         3      -22.41946114           0.000000000    
  1         4      -18.34015152           0.000000000    
  1         5      -6.701556062           0.000000000    
  1         6      -1.650947572           0.000000000    
  1         7     -0.5021904168           0.000000000    
  1         8     -0.1220385141           0.000000000    
  1         9     -0.3243883099           0.000000000    
  1        10      -1.082628077           0.000000000    
  1        11      -5.602891510           0.000000000    
  1        12     -0.3954265144           0.000000000    
  1        13      -1.494658126           0.000000000    
   0.1250000000   0.2916666670   0.0000000000          13           0
  1         1      -26.91625755           0.000000000    
  1         2      -22.74603012           0.000000000    
  1         3      -22.46166366           0.000000000    
  1         4      -18.42870416           0.000000000    
  1         5      -6.812108566           0.000000000    
  1         6      -1.898212136           0.000000000    
  1         7     -0.3952846920           0.000000000    
  1         8     -0.2092509186           0.000000000    
  1         9      -3.587601860           0.000000000    
  1        10     -0.2870070236           0.000000000    
  1        11      -2.935582861           0.000000000    
  1        12     -0.4783156664           0.000000000    
  1        13      -1.285552000           0.000000000    
   0.1250000000   0.3333333330   0.0000000000          13           0
  1         1      -27.00340126           0.000000000    
  1         2      -22.67615097           0.000000000    
  1         3      -22.49981685           0.000000000    
  1         4      -18.62083241           0.000000000    
  1         5      -6.619855223           0.000000000    
  1         6      -2.534270161           0.000000000    
  1         7     -0.4722023731           0.000000000    
  1         8      -1.889798317           0.000000000    
  1         9      -3.356643336           0.000000000    
  1        10     -0.3274431090           0.000000000    
  1        11     -0.9193944933           0.000000000    
  1        12     -0.7218791805           0.000000000    
  1        13      -1.639303548           0.000000000    
   0.1250000000   0.3750000000   0.0000000000          13           0
  1         1      -27.11551925           0.000000000    
  1         2      -22.57777483           0.000000000    
  1         3      -22.52783160           0.000000000    
  1         4      -18.92093308           0.000000000    
  1         5      -6.292345784           0.000000000    
  1         6      -4.150686573           0.000000000    
  1         7      -3.739576241           0.000000000    
  1         8     -0.6989410826           0.000000000    
  1         9     -0.2411689973           0.000000000    
  1        10     -0.4568864962           0.000000000    
  1        11     -0.7640099007           0.000000000    
  1        12      -1.125420331           0.000000000    
  1        13      -1.894266800           0.000000000    
   0.1250000000   0.4166666670   0.0000000000          13           0
  1         1      -27.20384629           0.000000000    
  1         2      -22.49699904           0.000000000    
  1         3      -22.54251010           0.000000000    
  1         4      -19.19863945           0.000000000    
  1         5      -5.996444166           0.000000000    
  1         6      -5.869705813           0.000000000    
  1         7      -2.181884484           0.000000000    
  1         8      -1.326544139           0.000000000    
  1         9      -1.430180296           0.000000000    
  1        10     -0.3993191912           0.000000000    
  1        11     -0.6223964772           0.000000000    
  1        12     -0.2042174769           0.000000000    
  1        13     -0.4176566460           0.000000000    
   0.1250000000   0.4583333330   0.0000000000          13           0
  1         1      -27.20387624           0.000000000    
  1         2      -22.49696314           0.000000000    
  1         3      -22.54250732           0.000000000    
  1         4      -19.19864810           0.000000000    
  1         5      -5.996417394           0.000000000    
  1         6      -5.869704180           0.000000000    
  1         7      -2.181888722           0.000000000    
  1         8      -1.326543434           0.000000000    
  1         9      -1.430179074           0.000000000    
  1        10     -0.3993188916           0.000000000    
  1        11     -0.6223957514           0.000000000    
  1        12     -0.2042172956           0.000000000    
  1        13     -0.4176571729           0.000000000    
   0.1250000000   0.5000000000   0.0000000000          13           0
  1         1      -27.11560147           0.000000000    
  1         2      -22.57767731           0.000000000    
  1         3      -22.52782386           0.000000000    
  1         4      -18.92095594           0.000000000    
  1         5      -6.292275575           0.000000000    
  1         6      -4.150685325           0.000000000    
  1         7      -3.739578251           0.000000000    
  1         8     -0.6989406387           0.000000000    
  1         9     -0.2411697252           0.000000000    
  1        10     -0.4568851434           0.000000000    
  1        11     -0.7640139663           0.000000000    
  1        12      -1.125415513           0.000000000    
  1        13      -1.894272830           0.000000000    
   0.1250000000   0.5416666670   0.0000000000          13           0
  1         1      -27.00351959           0.000000000    
  1         2      -22.67601275           0.000000000    
  1         3      -22.49980514           0.000000000    
  1         4      -18.62086378           0.000000000    
  1         5      -6.619760575           0.000000000    
  1         6      -2.534272373           0.000000000    
  1         7     -0.4722018376           0.000000000    
  1         8      -1.889796801           0.000000000    
  1         9      -3.356643286           0.000000000    
  1        10     -0.3274422780           0.000000000    
  1        11     -0.9193992245           0.000000000    
  1        12     -0.7218747992           0.000000000    
  1        13      -1.639322163           0.000000000    
   0.1250000000   0.5833333330   0.0000000000          13           0
  1         1      -26.91639683           0.000000000    
  1         2      -22.74587036           0.000000000    
  1         3      -22.46164842           0.000000000    
  1         4      -18.42873965           0.000000000    
  1         5      -6.812005592           0.000000000    
  1         6      -1.898216530           0.000000000    
  1         7     -0.3952828926           0.000000000    
  1         8     -0.2092508522           0.000000000    
  1         9      -3.587598712           0.000000000    
  1        10     -0.2870060021           0.000000000    
  1        11      -2.935589432           0.000000000    
  1        12     -0.4783130783           0.000000000    
  1        13      -1.285568519           0.000000000    
   0.1250000000   0.6250000000   0.0000000000          13           0
  1         1      -26.86558577           0.000000000    
  1         2      -22.77866045           0.000000000    
  1         3      -22.41944211           0.000000000    
  1         4      -18.34018832           0.000000000    
  1         5      -6.701459330           0.000000000    
  1         6      -1.650953215           0.000000000    
  1         7     -0.5021840474           0.000000000    
  1         8     -0.1220387449           0.000000000    
  1         9     -0.3243855432           0.000000000    
  1        10      -1.082627580           0.000000000    
  1        11      -5.602897785           0.000000000    
  1        12     -0.3954241598           0.000000000    
  1        13      -1.494678212           0.000000000    
   0.1250000000   0.6666666670   0.0000000000          13           0
  1         1      -26.84453790           0.000000000    
  1         2      -22.78181469           0.000000000    
  1         3      -22.38420939           0.000000000    
  1         4      -18.31906080           0.000000000    
  1         5      -1.545462753           0.000000000    
  1         6      -5.436038927           0.000000000    
  1         7     -0.1046825635           0.000000000    
  1         8      -1.349918459           0.000000000    
  1         9     -0.6803323948           0.000000000    
  1        10     -0.6078505455           0.000000000    
  1        11      -5.444585780           0.000000000    
  1        12     -0.4136390805           0.000000000    
  1        13      -2.409149365           0.000000000    
   0.1250000000   0.7083333330   0.0000000000          13           0
  1         1      -26.84314994           0.000000000    
  1         2      -22.76095408           0.000000000    
  1         3      -18.33485060           0.000000000    
  1         4      -22.37342245           0.000000000    
  1         5      -1.502480286           0.000000000    
  1         6      -2.700785285           0.000000000    
  1         7     -0.1002611166           0.000000000    
  1         8      -2.074407916           0.000000000    
  1         9     -0.5082135485           0.000000000    
  1        10      -2.375500160           0.000000000    
  1        11     -0.6557525973           0.000000000    
  1        12      -2.563673982           0.000000000    
  1        13      -5.610132400           0.000000000    
   0.1666666670   0.1666666670   0.0000000000          13           0
  1         1      -26.84328256           0.000000000    
  1         2      -22.81624172           0.000000000    
  1         3      -22.32536855           0.000000000    
  1         4      -18.31799262           0.000000000    
  1         5      -1.514380237           0.000000000    
  1         6      -5.202625875           0.000000000    
  1         7     -0.9994622753E-01       0.000000000    
  1         8      -1.504013617           0.000000000    
  1         9     -0.7637566328           0.000000000    
  1        10     -0.5159594729           0.000000000    
  1        11     -0.4225138099           0.000000000    
  1        12      -2.821413481           0.000000000    
  1        13      -5.625230604           0.000000000    
   0.1666666670   0.2083333330   0.0000000000          13           0
  1         1      -26.85977855           0.000000000    
  1         2      -22.82784729           0.000000000    
  1         3      -22.32888090           0.000000000    
  1         4      -18.32997397           0.000000000    
  1         5      -6.654580777           0.000000000    
  1         6      -1.556570453           0.000000000    
  1         7     -0.5683506550           0.000000000    
  1         8     -0.1031223112           0.000000000    
  1         9     -0.3454307987           0.000000000    
  1        10     -0.5850149341           0.000000000    
  1        11      -5.944982520           0.000000000    
  1        12     -0.3946621707           0.000000000    
  1        13      -2.460073376           0.000000000    
   0.1666666670   0.2500000000   0.0000000000          13           0
  1         1      -26.90189909           0.000000000    
  1         2      -22.79199528           0.000000000    
  1         3      -22.36924055           0.000000000    
  1         4      -18.39600918           0.000000000    
  1         5      -6.888778410           0.000000000    
  1         6      -1.661691729           0.000000000    
  1         7     -0.4020415420           0.000000000    
  1         8     -0.1181992029           0.000000000    
  1         9     -0.2883081587           0.000000000    
  1        10     -0.9792566766           0.000000000    
  1        11      -5.848382545           0.000000000    
  1        12     -0.4770113532           0.000000000    
  1        13      -1.972467005           0.000000000    
   0.1666666670   0.2916666670   0.0000000000          13           0
  1         1      -26.97814547           0.000000000    
  1         2      -22.71443669           0.000000000    
  1         3      -22.42068841           0.000000000    
  1         4      -18.55066845           0.000000000    
  1         5      -6.765887986           0.000000000    
  1         6      -1.909943989           0.000000000    
  1         7     -0.4684834946           0.000000000    
  1         8     -0.2008331049           0.000000000    
  1         9     -0.3276045819           0.000000000    
  1        10      -3.616862783           0.000000000    
  1        11      -2.983121012           0.000000000    
  1        12     -0.7393642945           0.000000000    
  1        13      -2.031932350           0.000000000    
   0.1666666670   0.3333333330   0.0000000000          13           0
  1         1      -27.08690620           0.000000000    
  1         2      -22.60447051           0.000000000    
  1         3      -22.46531007           0.000000000    
  1         4      -18.82034072           0.000000000    
  1         5      -6.475434384           0.000000000    
  1         6      -2.556365850           0.000000000    
  1         7     -0.7129069381           0.000000000    
  1         8      -2.435650954           0.000000000    
  1         9      -2.853800298           0.000000000    
  1        10     -0.4633726537           0.000000000    
  1        11     -0.9562391672           0.000000000    
  1        12      -1.152840487           0.000000000    
  1        13      -2.717301694           0.000000000    
   0.1666666670   0.3750000000   0.0000000000          13           0
  1         1      -27.19806053           0.000000000    
  1         2      -22.49327109           0.000000000    
  1         3      -22.49435978           0.000000000    
  1         4      -19.15176536           0.000000000    
  1         5      -6.121662120           0.000000000    
  1         6      -4.235221782           0.000000000    
  1         7      -3.647502672           0.000000000    
  1         8      -1.348620131           0.000000000    
  1         9     -0.2072623080           0.000000000    
  1        10     -0.6628889043           0.000000000    
  1        11      -1.865774257           0.000000000    
  1        12     -0.6335537075           0.000000000    
  1        13     -0.7101756615           0.000000000    
   0.1666666670   0.4166666670   0.0000000000          13           0
  1         1      -27.24823163           0.000000000    
  1         2      -22.44328495           0.000000000    
  1         3      -22.50434876           0.000000000    
  1         4      -19.32145816           0.000000000    
  1         5      -5.943267466           0.000000000    
  1         6      -5.623081006           0.000000000    
  1         7      -2.101268319           0.000000000    
  1         8      -2.000418006           0.000000000    
  1         9      -2.047809981           0.000000000    
  1        10     -0.2587941097           0.000000000    
  1        11     -0.1235210211           0.000000000    
  1        12     -0.1330976402           0.000000000    
  1        13     -0.3081725577           0.000000000    
   0.1666666670   0.4583333330   0.0000000000          13           0
  1         1      -27.19811618           0.000000000    
  1         2      -22.49320587           0.000000000    
  1         3      -22.49435302           0.000000000    
  1         4      -19.15178151           0.000000000    
  1         5      -6.121613373           0.000000000    
  1         6      -4.235220261           0.000000000    
  1         7      -3.647507348           0.000000000    
  1         8      -1.348616048           0.000000000    
  1         9     -0.2072631400           0.000000000    
  1        10     -0.6628867634           0.000000000    
  1        11      -1.865780596           0.000000000    
  1        12     -0.6335543114           0.000000000    
  1        13     -0.7101752278           0.000000000    
   0.1666666670   0.5000000000   0.0000000000          13           0
  1         1      -27.08700513           0.000000000    
  1         2      -22.60435691           0.000000000    
  1         3      -22.46529708           0.000000000    
  1         4      -18.82036809           0.000000000    
  1         5      -6.475353099           0.000000000    
  1         6      -2.556367589           0.000000000    
  1         7     -0.7129045279           0.000000000    
  1         8      -2.435650001           0.000000000    
  1         9      -2.853802202           0.000000000    
  1        10     -0.4633698594           0.000000000    
  1        11     -0.9562460973           0.000000000    
  1        12      -1.152832097           0.000000000    
  1        13      -2.717333914           0.000000000    
   0.1666666670   0.5416666670   0.0000000000          13           0
  1         1      -26.97827200           0.000000000    
  1         2      -22.71429573           0.000000000    
  1         3      -22.42066913           0.000000000    
  1         4      -18.55070186           0.000000000    
  1         5      -6.765791674           0.000000000    
  1         6      -1.909948196           0.000000000    
  1         7     -0.4684817760           0.000000000    
  1         8     -0.2008330234           0.000000000    
  1         9     -0.3276028368           0.000000000    
  1        10      -3.616860048           0.000000000    
  1        11      -2.983132007           0.000000000    
  1        12     -0.7393572098           0.000000000    
  1        13      -2.031966088           0.000000000    
   0.1666666670   0.5833333330   0.0000000000          13           0
  1         1      -26.90204027           0.000000000    
  1         2      -22.79184471           0.000000000    
  1         3      -22.36921373           0.000000000    
  1         4      -18.39604512           0.000000000    
  1         5      -6.888680323           0.000000000    
  1         6      -1.661697428           0.000000000    
  1         7     -0.4020387040           0.000000000    
  1         8     -0.1181994497           0.000000000    
  1         9     -0.2883064517           0.000000000    
  1        10     -0.9792563269           0.000000000    
  1        11      -5.848396221           0.000000000    
  1        12     -0.4770074029           0.000000000    
  1        13      -1.972502171           0.000000000    
   0.1666666670   0.6250000000   0.0000000000          13           0
  1         1      -26.85992473           0.000000000    
  1         2      -22.82770102           0.000000000    
  1         3      -22.32884462           0.000000000    
  1         4      -18.33001012           0.000000000    
  1         5      -6.654493586           0.000000000    
  1         6      -1.556577091           0.000000000    
  1         7     -0.5683429119           0.000000000    
  1         8     -0.1031227138           0.000000000    
  1         9     -0.3454272947           0.000000000    
  1        10     -0.5850166148           0.000000000    
  1        11      -5.945003552           0.000000000    
  1        12     -0.3946590777           0.000000000    
  1        13      -2.460116537           0.000000000    
   0.2083333330   0.2083333330   0.0000000000          13           0
  1         1      -26.89723452           0.000000000    
  1         2      -22.82568118           0.000000000    
  1         3      -22.31840388           0.000000000    
  1         4      -18.38558839           0.000000000    
  1         5      -6.916685650           0.000000000    
  1         6      -1.598458324           0.000000000    
  1         7     -0.4061248317           0.000000000    
  1         8     -0.1046924379           0.000000000    
  1         9     -0.2890330238           0.000000000    
  1        10     -0.6073331300           0.000000000    
  1        11      -6.965865404           0.000000000    
  1        12     -0.4772002179           0.000000000    
  1        13      -2.050516633           0.000000000    
   0.2083333330   0.2500000000   0.0000000000          13           0
  1         1      -26.96535086           0.000000000    
  1         2      -22.75865598           0.000000000    
  1         3      -22.35352512           0.000000000    
  1         4      -18.51602542           0.000000000    
  1         5      -6.853162801           0.000000000    
  1         6      -1.707315495           0.000000000    
  1         7     -0.4679484334           0.000000000    
  1         8     -0.1176581376           0.000000000    
  1         9     -0.3283245193           0.000000000    
  1        10     -0.9062392461           0.000000000    
  1        11      -6.196358870           0.000000000    
  1        12     -0.7574596024           0.000000000    
  1        13      -2.831061689           0.000000000    
   0.2083333330   0.2916666670   0.0000000000          13           0
  1         1      -27.06724433           0.000000000    
  1         2      -22.63771484           0.000000000    
  1         3      -22.41025870           0.000000000    
  1         4      -18.75357881           0.000000000    
  1         5      -6.616902462           0.000000000    
  1         6      -1.968570535           0.000000000    
  1         7     -0.7354863479           0.000000000    
  1         8     -0.2011443999           0.000000000    
  1         9     -0.4757766581           0.000000000    
  1        10      -3.829192092           0.000000000    
  1        11      -2.852481657           0.000000000    
  1        12      -1.152692696           0.000000000    
  1        13      -3.280061212           0.000000000    
   0.2083333330   0.3333333330   0.0000000000          13           0
  1         1      -27.18699141           0.000000000    
  1         2      -22.49791511           0.000000000    
  1         3      -22.46061953           0.000000000    
  1         4      -19.09176580           0.000000000    
  1         5      -6.264832043           0.000000000    
  1         6      -2.652746350           0.000000000    
  1         7      -1.428663423           0.000000000    
  1         8      -3.694147651           0.000000000    
  1         9      -1.473041358           0.000000000    
  1        10     -0.6357219575           0.000000000    
  1        11      -1.349300978           0.000000000    
  1        12     -0.7456530484           0.000000000    
  1        13      -2.298628180           0.000000000    
   0.2083333330   0.3750000000   0.0000000000          13           0
  1         1      -27.27569627           0.000000000    
  1         2      -22.39789486           0.000000000    
  1         3      -22.48867784           0.000000000    
  1         4      -19.38778773           0.000000000    
  1         5      -5.958251140           0.000000000    
  1         6      -4.369412322           0.000000000    
  1         7      -2.165701457           0.000000000    
  1         8      -3.067602258           0.000000000    
  1         9      -1.611184074           0.000000000    
  1        10     -0.3895179381           0.000000000    
  1        11     -0.9677588103           0.000000000    
  1        12     -0.2317937153           0.000000000    
  1        13     -0.5292409582           0.000000000    
   0.2083333330   0.4166666670   0.0000000000          13           0
  1         1      -27.27572340           0.000000000    
  1         2      -22.39786436           0.000000000    
  1         3      -22.48867291           0.000000000    
  1         4      -19.38779593           0.000000000    
  1         5      -5.958227151           0.000000000    
  1         6      -4.369410314           0.000000000    
  1         7      -2.165695640           0.000000000    
  1         8      -3.067610223           0.000000000    
  1         9      -1.611185156           0.000000000    
  1        10     -0.3895200376           0.000000000    
  1        11     -0.9677589691           0.000000000    
  1        12     -0.2317937686           0.000000000    
  1        13     -0.5292410678           0.000000000    
   0.2083333330   0.4583333330   0.0000000000          13           0
  1         1      -27.18706659           0.000000000    
  1         2      -22.49783284           0.000000000    
  1         3      -22.46060453           0.000000000    
  1         4      -19.09178762           0.000000000    
  1         5      -6.264769114           0.000000000    
  1         6      -2.652747177           0.000000000    
  1         7      -1.428654118           0.000000000    
  1         8      -3.694150999           0.000000000    
  1         9      -1.473045430           0.000000000    
  1        10     -0.6357178722           0.000000000    
  1        11      -1.349314656           0.000000000    
  1        12     -0.7456517820           0.000000000    
  1        13      -2.298646604           0.000000000    
   0.2083333330   0.5000000000   0.0000000000          13           0
  1         1      -27.06735375           0.000000000    
  1         2      -22.63760117           0.000000000    
  1         3      -22.41023246           0.000000000    
  1         4      -18.75360896           0.000000000    
  1         5      -6.616817860           0.000000000    
  1         6      -1.968574549           0.000000000    
  1         7     -0.7354813691           0.000000000    
  1         8     -0.2011443248           0.000000000    
  1         9     -0.4757719313           0.000000000    
  1        10      -3.829191839           0.000000000    
  1        11      -2.852502618           0.000000000    
  1        12      -1.152679905           0.000000000    
  1        13      -3.280119451           0.000000000    
   0.2083333330   0.5416666670   0.0000000000          13           0
  1         1      -26.96548061           0.000000000    
  1         2      -22.75853156           0.000000000    
  1         3      -22.35348525           0.000000000    
  1         4      -18.51605962           0.000000000    
  1         5      -6.853070684           0.000000000    
  1         6      -1.707321480           0.000000000    
  1         7     -0.4679455451           0.000000000    
  1         8     -0.1176584464           0.000000000    
  1         9     -0.3283217811           0.000000000    
  1        10     -0.9062395695           0.000000000    
  1        11      -6.196393998           0.000000000    
  1        12     -0.7574493080           0.000000000    
  1        13      -2.831114803           0.000000000    
   0.2500000000   0.2500000000   0.0000000000          13           0
  1         1      -27.06030110           0.000000000    
  1         2      -22.66014633           0.000000000    
  1         3      -22.38067193           0.000000000    
  1         4      -18.73043048           0.000000000    
  1         5      -6.671253572           0.000000000    
  1         6      -1.836345221           0.000000000    
  1         7     -0.7456900933           0.000000000    
  1         8     -0.1323981945           0.000000000    
  1         9     -0.4809897782           0.000000000    
  1        10      -1.245804896           0.000000000    
  1        11      -5.897484615           0.000000000    
  1        12      -1.148651377           0.000000000    
  1        13      -3.495452179           0.000000000    
   0.2500000000   0.2916666670   0.0000000000          13           0
  1         1      -27.17900626           0.000000000    
  1         2      -22.50673949           0.000000000    
  1         3      -22.43975499           0.000000000    
  1         4      -19.05255299           0.000000000    
  1         5      -6.360731717           0.000000000    
  1         6      -2.161021290           0.000000000    
  1         7      -1.483857571           0.000000000    
  1         8     -0.2923184128           0.000000000    
  1         9     -0.6149479827           0.000000000    
  1        10      -4.615892538           0.000000000    
  1        11      -2.011960417           0.000000000    
  1        12     -0.7332077621           0.000000000    
  1        13      -3.361847658           0.000000000    
   0.2500000000   0.3333333330   0.0000000000          13           0
  1         1      -27.28865272           0.000000000    
  1         2      -22.35771155           0.000000000    
  1         3      -22.49695655           0.000000000    
  1         4      -19.41011149           0.000000000    
  1         5      -6.005811926           0.000000000    
  1         6      -3.027475178           0.000000000    
  1         7      -2.211394690           0.000000000    
  1         8      -4.141800007           0.000000000    
  1         9     -0.3419465351           0.000000000    
  1        10     -0.4001968664           0.000000000    
  1        11      -2.496031129           0.000000000    
  1        12     -0.3413094077           0.000000000    
  1        13     -0.9408180486           0.000000000    
   0.2500000000   0.3750000000   0.0000000000          13           0
  1         1      -27.33522381           0.000000000    
  1         2      -22.29472636           0.000000000    
  1         3      -22.51989353           0.000000000    
  1         4      -19.58259070           0.000000000    
  1         5      -5.833425854           0.000000000    
  1         6      -2.407443401           0.000000000    
  1         7      -4.417705717           0.000000000    
  1         8      -2.407958810           0.000000000    
  1         9      -2.750322782           0.000000000    
  1        10     -0.3318380872           0.000000000    
  1        11     -0.1703022436           0.000000000    
  1        12     -0.2020501808           0.000000000    
  1        13     -0.2157353032           0.000000000    
   0.2500000000   0.4166666670   0.0000000000          13           0
  1         1      -27.28870116           0.000000000    
  1         2      -22.35766593           0.000000000    
  1         3      -22.49693877           0.000000000    
  1         4      -19.41012620           0.000000000    
  1         5      -6.005771464           0.000000000    
  1         6      -3.027474225           0.000000000    
  1         7      -2.211380449           0.000000000    
  1         8      -4.141819077           0.000000000    
  1         9     -0.3419489643           0.000000000    
  1        10     -0.4001980240           0.000000000    
  1        11      -2.496043290           0.000000000    
  1        12     -0.3413121384           0.000000000    
  1        13     -0.9408177883           0.000000000    
   0.2500000000   0.4583333330   0.0000000000          13           0
  1         1      -27.17909386           0.000000000    
  1         2      -22.50666375           0.000000000    
  1         3      -22.43971746           0.000000000    
  1         4      -19.05257829           0.000000000    
  1         5      -6.360663929           0.000000000    
  1         6      -2.161025092           0.000000000    
  1         7      -1.483841671           0.000000000    
  1         8     -0.2923187095           0.000000000    
  1         9     -0.6149415871           0.000000000    
  1        10      -4.615913728           0.000000000    
  1        11      -2.011988157           0.000000000    
  1        12     -0.7332041227           0.000000000    
  1        13      -3.361891306           0.000000000    
   0.2916666670   0.2916666670   0.0000000000          13           0
  1         1      -27.29214974           0.000000000    
  1         2      -22.33376143           0.000000000    
  1         3      -22.51139764           0.000000000    
  1         4      -19.41352045           0.000000000    
  1         5      -6.030746470           0.000000000    
  1         6      -2.695255841           0.000000000    
  1         7      -2.220767129           0.000000000    
  1         8      -3.878251012           0.000000000    
  1         9     -0.7970287212           0.000000000    
  1        10     -0.3951993053           0.000000000    
  1        11      -2.360148392           0.000000000    
  1        12     -0.3589094117           0.000000000    
  1        13      -1.621582819           0.000000000    
   0.2916666670   0.3333333330   0.0000000000          13           0
  1         1      -27.36703293           0.000000000    
  1         2      -22.18893703           0.000000000    
  1         3      -22.58888943           0.000000000    
  1         4      -19.69217720           0.000000000    
  1         5      -5.768368654           0.000000000    
  1         6      -2.452168859           0.000000000    
  1         7      -3.955206520           0.000000000    
  1         8      -3.032014266           0.000000000    
  1         9      -1.955100624           0.000000000    
  1        10     -0.3322345961           0.000000000    
  1        11     -0.4218928568           0.000000000    
  1        12     -0.2916296176           0.000000000    
  1        13     -0.6268161643           0.000000000    
   0.2916666670   0.3750000000   0.0000000000          13           0
  1         1      -27.36705488           0.000000000    
  1         2      -22.18892661           0.000000000    
  1         3      -22.58887089           0.000000000    
  1         4      -19.69218406           0.000000000    
  1         5      -5.768351266           0.000000000    
  1         6      -2.452159309           0.000000000    
  1         7      -3.955205250           0.000000000    
  1         8      -3.032037526           0.000000000    
  1         9      -1.955100125           0.000000000    
  1        10     -0.3322381301           0.000000000    
  1        11     -0.4218927858           0.000000000    
  1        12     -0.2916295423           0.000000000    
  1        13     -0.6268172719           0.000000000    
   0.3333333330   0.3333333330   0.0000000000          13           0
  1         1      -27.39681561           0.000000000    
  1         2      -22.07469389           0.000000000    
  1         3      -22.67444445           0.000000000    
  1         4      -19.80948138           0.000000000    
  1         5      -5.667832951           0.000000000    
  1         6      -2.496396336           0.000000000    
  1         7      -4.568074593           0.000000000    
  1         8      -2.846872222           0.000000000    
  1         9      -1.067616343           0.000000000    
  1        10     -0.5449593053           0.000000000    
  1        11     -0.1480602624           0.000000000    
  1        12     -0.2778851725           0.000000000    
  1        13     -0.1992404457           0.000000000    
