  0.000000000  0.000000000  0.000000000      13
       1       1  -21.798980541  -26.602993403
       1       2   -9.673880661  -12.922668117
       1       3   -5.754913083   -8.941978944
       1       4   -5.754912988   -8.941978849
       1       5    0.475130486    1.369339659
       1       6    1.541207148    1.939582952
       1       7    1.899006539    1.877974207
       1       8    2.776711235    2.975917245
       1       9    3.164832124    3.282488188
       1      10    4.773896764    5.106928374
       1      11    5.315982947    5.583701261
       1      12    7.127087541    9.164072029
       1      13    7.127087653    9.164072141
  0.000000000  0.041666667  0.000000000      13
       1       1  -21.765601050  -26.567419718
       1       2   -9.628530538  -12.871488688
       1       3   -5.896540678   -9.100583405
       1       4   -5.823095859   -9.013940094
       1       5    0.533098647    1.428138596
       1       6    1.593696459    1.995875423
       1       7    1.954697032    1.933880703
       1       8    2.829418455    3.029691788
       1       9    3.221144585    3.339401965
       1      10    4.820739532    5.160855929
       1      11    5.372861864    5.642157456
       1      12    7.103130194    9.111400778
       1      13    7.277967588    9.320588201
  0.000000000  0.083333333  0.000000000      13
       1       1  -21.665867461  -26.460880265
       1       2   -9.493129238  -12.718730897
       1       3   -6.301532481   -9.554088274
       1       4   -6.016458015   -9.219362499
       1       5    0.704266410    1.602927346
       1       6    1.750437492    2.165062375
       1       7    2.121572481    2.101294426
       1       8    2.986796151    3.190785829
       1       9    3.388978303    3.509215058
       1      10    4.957499844    5.323604029
       1      11    5.539202219    5.818083371
       1      12    7.042200485    8.981828130
       1      13    7.281498534    8.294147476
  0.000000000  0.125000000  0.000000000      13
       1       1  -21.501055637  -26.284985887
       1       2   -9.269076890  -12.465800655
       1       3   -6.918943035  -10.245386210
       1       4   -6.305373774   -9.529263017
       1       5    0.982851968    1.890132038
       1       6    2.008912758    2.448295961
       1       7    2.399188485    2.379574605
       1       8    3.246145750    3.458532508
       1       9    3.665682105    3.790005231
       1      10    5.168432687    5.600339888
       1      11    5.801093835    6.121068500
       1      12    6.971818978    8.808367069
       1      13    7.204378090    8.396602471
  0.000000000  0.166666667  0.000000000      13
       1       1  -21.273514639  -26.042498283
       1       2   -8.959106244  -12.115344656
       1       3   -7.687362081  -11.105881231
       1       4   -6.652928470   -9.904400138
       1       5    1.363626516    2.286194012
       1       6    2.362301398    2.849126960
       1       7    2.787077881    2.768115711
       1       8    3.599641024    3.832294124
       1       9    4.047922804    4.180245417
       1      10    5.399587301    6.007055054
       1      11    6.120461255    6.616855635
       1      12    6.943828565    8.559196790
       1      13    7.010159663    8.214243092
  0.000000000  0.208333333  0.000000000      13
       1       1  -20.987069151  -25.737106934
       1       2   -8.567629516  -11.672072447
       1       3   -8.548709875  -12.068776554
       1       4   -7.024211578  -10.307112676
       1       5    1.842637162    2.788627366
       1       6    2.789472069    3.380163580
       1       7    3.284780930    3.266516392
       1       8    4.020081868    4.315909240
       1       9    4.530817519    4.681069289
       1      10    5.485469734    6.436549705
       1      11    6.372398069    7.406217590
       1      12    6.898522423    7.718902591
       1      13    7.097802084    8.131025756
  0.000000000  0.250000000  0.000000000      13
       1       1  -20.647752093  -25.375995195
       1       2   -9.452940029  -13.076074284
       1       3   -8.101510291  -11.142442839
       1       4   -7.390023370  -10.706213121
       1       5    2.415539716    3.395302525
       1       6    3.199257350    4.083522331
       1       7    3.891579537    3.874628500
       1       8    4.389638843    4.891349745
       1       9    5.101878921    5.305672627
       1      10    5.398722372    6.236502625
       1      11    6.456139328    7.826646542
       1      12    7.170369722    7.618734978
       1      13    7.556974895    8.113088524
  0.000000000  0.291666667  0.000000000      13
       1       1  -20.265124675  -24.969614037
       1       2  -10.357264974  -14.079397817
       1       3   -7.728215175  -11.075979116
       1       4   -7.571906503  -10.539477427
       1       5    3.074218397    4.102990629
       1       6    3.203486116    4.635486478
       1       7    4.605474568    4.593784233
       1       8    4.663114018    5.090923746
       1       9    5.706366974    6.149755695
       1      10    5.730543638    6.111959190
       1      11    6.546022621    7.775907354
       1      12    7.737577484    8.074599741
       1      13    8.214336779    8.619580527
  0.000000000  0.333333333  0.000000000      13
       1       1  -19.854633455  -24.533695021
       1       2  -11.221715057  -15.033701684
       1       3   -8.022694430  -11.398853190
       1       4   -6.996887341   -9.883744718
       1       5    2.601373028    4.161078693
       1       6    3.798761823    4.903825541
       1       7    5.274420786    5.630076621
       1       8    5.416435243    5.445640157
       1       9    6.127367409    7.178058236
       1      10    6.437860066    6.702800747
       1      11    6.957742926    7.523825111
       1      12    8.468941605    8.786797091
       1      13    8.998825565    9.361514917
  0.000000000  0.375000000  0.000000000      13
       1       1  -19.441707712  -24.096718609
       1       2  -12.003329719  -15.892104332
       1       3   -8.261842712  -11.661289015
       1       4   -6.407694867   -9.213287516
       1       5    1.813397215    3.319823347
       1       6    4.531172684    5.767662750
       1       7    6.113878052    6.512778144
       1       8    6.173325159    6.961810569
       1       9    6.514558924    7.022954328
       1      10    7.312497524    7.552647721
       1      11    7.765375159    8.036623803
       1      12    9.311380356    9.647915100
       1      13    9.879758792   10.260847414
  0.000000000  0.416666667  0.000000000      13
       1       1  -19.067863255  -23.703607950
       1       2  -12.648305360  -16.596291595
       1       3   -8.437654230  -11.854389879
       1       4   -5.859168774   -8.595378845
       1       5    1.071158172    2.508205324
       1       6    5.113178658    6.540989274
       1       7    6.637510940    7.743588013
       1       8    7.082691446    7.558475612
       1       9    7.474225596    7.519133873
       1      10    8.302251520    8.542047581
       1      11    8.751404043    8.968469286
       1      12   10.207616300   10.630723067
       1      13   10.607070528   11.579405296
  0.000000000  0.458333333  0.000000000      13
       1       1  -18.795060852  -23.415946991
       1       2  -13.086746480  -17.072469187
       1       3   -8.545090162  -11.972474493
       1       4   -5.444555992   -8.137917663
       1       5    0.525042446    1.917230040
       1       6    5.390850010    6.930752499
       1       7    7.388238933    8.486089848
       1       8    8.133120926    8.742982490
       1       9    8.616631903    8.626503032
       1      10    9.362582238    9.641668466
       1      11    9.560486006   10.543193343
       1      12    9.990299711   10.384570628
       1      13   10.535179591   11.225650845
  0.000000000  0.500000000  0.000000000      13
       1       1  -18.692925363  -23.308407064
       1       2  -13.244614293  -17.242920516
       1       3   -8.581206943  -12.012269548
       1       4   -5.284827406   -7.965656545
       1       5    0.319218442    1.698554755
       1       6    5.458177160    7.020080949
       1       7    8.155869677    9.374386359
       1       8    8.748517252    9.761482445
       1       9    8.966396854    9.919251772
       1      10    9.632138794    9.979507833
       1      11    9.869823693    9.853032371
       1      12    9.912169198    9.921165054
       1      13   10.479086649   10.646775190
  0.000000000  0.541666667  0.000000000      13
       1       1  -18.795060852  -23.416024986
       1       2  -13.086746480  -17.072115543
       1       3   -8.545090162  -11.972874125
       1       4   -5.444555992   -8.137991831
       1       5    0.525042446    1.917396620
       1       6    5.390850010    6.931102006
       1       7    7.388238933    8.485337399
       1       8    8.133120926    8.742901877
       1       9    8.616631903    8.626462279
       1      10    9.362582238    9.641620116
       1      11    9.560486006   10.543597534
       1      12    9.990299711   10.384503089
       1      13   10.535179591   11.225803134
  0.000000000  0.583333333  0.000000000      13
       1       1  -19.067863255  -23.703750951
       1       2  -12.648305360  -16.595642661
       1       3   -8.437654230  -11.855013753
       1       4   -5.859168774   -8.595496326
       1       5    1.071158172    2.508485983
       1       6    5.113178658    6.541704460
       1       7    6.637510940    7.742703480
       1       8    7.082691446    7.558415406
       1       9    7.474225596    7.519037957
       1      10    8.302251520    8.541995935
       1      11    8.751404043    8.968259771
       1      12   10.207616300   10.630660254
       1      13   10.607070528   11.579690091
  0.000000000  0.625000000  0.000000000      13
       1       1  -19.441707712  -24.096906210
       1       2  -12.003329719  -15.891246873
       1       3   -8.261842712  -11.662106299
       1       4   -6.407694867   -9.213438879
       1       5    1.813397215    3.320110847
       1       6    4.531172684    5.768351205
       1       7    6.113878052    6.512737568
       1       8    6.173325159    6.961602648
       1       9    6.514558924    7.022613523
       1      10    7.312497524    7.552608508
       1      11    7.765375159    8.036293310
       1      12    9.311380356    9.647862342
       1      13    9.879758792   10.260600738
  0.000000000  0.666666667  0.000000000      13
       1       1  -19.854633455  -24.533888704
       1       2  -11.221715057  -15.032741295
       1       3   -8.022694430  -11.399688133
       1       4   -6.996887341   -9.883880349
       1       5    2.601373028    4.161353714
       1       6    3.798761823    4.904300842
       1       7    5.274420786    5.630058716
       1       8    5.416435243    5.445692843
       1       9    6.127367409    7.177904950
       1      10    6.437860066    6.702769949
       1      11    6.957742926    7.523150487
       1      12    8.468941605    8.786735907
       1      13    8.998825565    9.361155638
  0.000000000  0.708333333  0.000000000      13
       1       1  -20.265124675  -24.969731803
       1       2  -10.357264974  -14.078227032
       1       3   -7.728215175  -11.077094849
       1       4   -7.571906503  -10.539576139
       1       5    3.074218397    4.103331340
       1       6    3.203486116    4.635675435
       1       7    4.605474568    4.593816857
       1       8    4.663114018    5.090973211
       1       9    5.706366974    6.150009609
       1      10    5.730543638    6.111969565
       1      11    6.546022621    7.774991412
       1      12    7.737577484    8.074566389
       1      13    8.214336779    8.619040777
  0.000000000  0.750000000  0.000000000      13
       1       1  -20.647752093  -25.376124703
       1       2   -9.452940029  -13.074697509
       1       3   -8.101510291  -11.142565883
       1       4   -7.390023370  -10.707393062
       1       5    2.415539716    3.395534504
       1       6    3.199257350    4.083603565
       1       7    3.891579537    3.874656502
       1       8    4.389638843    4.891460818
       1       9    5.101878921    5.305868376
       1      10    5.398722372    6.236643328
       1      11    6.456139328    7.825882218
       1      12    7.170369722    7.618725720
       1      13    7.556974895    8.112124839
  0.000000000  0.791666667  0.000000000      13
       1       1  -20.987069151  -25.737181988
       1       2   -8.567629516  -11.672129303
       1       3   -8.548709875  -12.067343635
       1       4   -7.024211578  -10.308569442
       1       5    1.842637162    2.788775789
       1       6    2.789472069    3.380178158
       1       7    3.284780930    3.266532947
       1       8    4.020081868    4.315931788
       1       9    4.530817519    4.681194923
       1      10    5.485469734    6.436645051
       1      11    6.372398069    7.406172373
       1      12    6.898522423    7.718936676
       1      13    7.097802084    8.129504744
  0.000000000  0.833333333  0.000000000      13
       1       1  -21.273514639  -26.042591642
       1       2   -8.959106244  -12.115370034
       1       3   -7.687362081  -11.104660576
       1       4   -6.652928470   -9.905614207
       1       5    1.363626516    2.286280789
       1       6    2.362301398    2.849136415
       1       7    2.787077881    2.768121493
       1       8    3.599641024    3.832296931
       1       9    4.047922804    4.180314313
       1      10    5.399587301    6.007085546
       1      11    6.120461255    6.617164026
       1      12    6.943828565    8.557691315
       1      13    7.010159663    8.214303327
  0.000000000  0.875000000  0.000000000      13
       1       1  -21.501055637  -26.285081621
       1       2   -9.269076890  -12.465836879
       1       3   -6.918943035  -10.244046573
       1       4   -6.305373774   -9.530568836
       1       5    0.982851968    1.890168044
       1       6    2.008912758    2.448300080
       1       7    2.399188485    2.379574332
       1       8    3.246145750    3.458532496
       1       9    3.665682105    3.790038699
       1      10    5.168432687    5.600358543
       1      11    5.801093835    6.121214188
       1      12    6.971818978    8.807435033
       1      13    7.204378090    8.396689171
  0.000000000  0.916666667  0.000000000      13
       1       1  -21.665867461  -26.460921069
       1       2   -9.493129238  -12.718766213
       1       3   -6.301532481   -9.552640007
       1       4   -6.016458015   -9.220595616
       1       5    0.704266410    1.602935032
       1       6    1.750437492    2.165063710
       1       7    2.121572481    2.101299997
       1       8    2.986796151    3.190785755
       1       9    3.388978303    3.509231371
       1      10    4.957499844    5.323620520
       1      11    5.539202219    5.818130019
       1      12    7.042200485    8.981382826
       1      13    7.281498534    8.294219840
  0.000000000  0.958333333  0.000000000      13
       1       1  -21.765601050  -26.567459828
       1       2   -9.628530538  -12.871506771
       1       3   -5.896540678   -9.099577045
       1       4   -5.823095859   -9.014834281
       1       5    0.533098647    1.428130217
       1       6    1.593696459    1.995877879
       1       7    1.954697032    1.933883516
       1       8    2.829418455    3.029694693
       1       9    3.221144585    3.339400698
       1      10    4.820739532    5.160868131
       1      11    5.372861864    5.642157301
       1      12    7.103130194    9.111396010
       1      13    7.277967588    9.320570898
  0.041666667  0.041666667  0.000000000      13
       1       1  -21.699042670  -26.496273197
       1       2   -9.538199456  -12.769589326
       1       3   -6.164614887   -9.400459700
       1       4   -5.959289614   -9.159068308
       1       5    0.647680451    1.544944163
       1       6    1.698306987    2.108615941
       1       7    2.065983680    2.045540389
       1       8    2.934459750    3.137122304
       1       9    3.333258366    3.452761730
       1      10    4.912584219    5.269169860
       1      11    5.485026587    5.758626789
       1      12    7.078738780    9.054582522
       1      13    7.285325872    8.253810297
  0.041666667  0.083333333  0.000000000      13
       1       1  -21.566753960  -26.355091983
       1       2   -9.358436374  -12.566840346
       1       3   -6.662996881   -9.959515657
       1       4   -6.213111435   -9.430035670
       1       5    0.872685905    1.775994085
       1       6    1.906012496    2.334771626
       1       7    2.288254606    2.268407657
       1       8    3.142939462    3.351548245
       1       9    3.555801391    3.678053588
       1      10    5.087291484    5.488561752
       1      11    5.703161898    5.992111796
       1      12    7.045805470    8.962512852
       1      13    7.246343368    8.378972861
  0.041666667  0.125000000  0.000000000      13
       1       1  -21.370519507  -26.145947853
       1       2   -9.091352646  -12.265067800
       1       3   -7.341792492  -10.720190636
       1       4   -6.545584013   -9.787975314
       1       5    1.202787540    2.117773268
       1       6    2.212450961    2.676499523
       1       7    2.621076395    2.601862570
       1       8    3.450016154    3.672216320
       1       9    3.886049517    4.013455759
       1      10    5.313596524    5.829959281
       1      11    6.008995723    6.362948883
       1      12    7.012824651    8.811019770
       1      13    7.097699833    8.337224814
  0.041666667  0.166666667  0.000000000      13
       1       1  -21.113369926  -25.871963876
       1       2   -8.740449768  -11.867996062
       1       3   -8.144109277  -11.617564738
       1       4   -6.917465588  -10.191371177
       1       5    1.633616950    2.567375925
       1       6    2.605353565    3.140782656
       1       7    3.064017763    3.045411124
       1       8    3.840713215    4.099893975
       1       9    4.320451786    4.458224068
       1      10    5.485592687    6.288123430
       1      11    6.341312031    6.991792949
       1      12    6.913106757    7.940428577
       1      13    7.049908998    8.517933426
  0.041666667  0.208333333  0.000000000      13
       1       1  -20.800131146  -25.538440497
       1       2   -9.017331054  -12.591296895
       1       3   -8.311255729  -11.381110367
       1       4   -7.295751501  -10.604037769
       1       5    2.161344936    3.122648692
       1       6    3.040085243    3.754013772
       1       7    3.616573813    3.598732968
       1       8    4.254161497    4.644870323
       1       9    4.852522129    5.015890334
       1      10    5.430660791    6.429776958
       1      11    6.536226465    7.772080597
       1      12    7.006863712    7.578448808
       1      13    7.338074348    8.141742810
  0.041666667  0.250000000  0.000000000      13
       1       1  -20.438404085  -25.153691120
       1       2   -9.914971644  -13.588390886
       1       3   -7.812544338  -10.813753011
       1       4   -7.654927882  -10.997362107
       1       5    2.780598668    3.781229601
       1       6    3.299605509    4.501112806
       1       7    4.277738664    4.261923556
       1       8    4.523025656    5.050924414
       1       9    5.461469731    5.715317301
       1      10    5.517956735    6.057074967
       1      11    6.600153647    7.986242085
       1      12    7.461216338    7.830422075
       1      13    7.903942037    8.385226687
  0.041666667  0.291666667  0.000000000      13
       1       1  -20.040328305  -24.730833835
       1       2  -10.795535961  -14.562395534
       1       3   -7.976212689  -11.350083508
       1       4   -7.258429600  -10.182056387
       1       5    2.939617662    4.487790177
       1       6    3.480001765    4.538774015
       1       7    4.961072190    5.324217753
       1       8    5.044072721    5.038865738
       1       9    6.041612937    6.724939464
       1      10    6.092497525    6.390010766
       1      11    6.774942073    7.786219444
       1      12    8.121643175    8.443466110
       1      13    8.628257064    9.016085265
  0.041666667  0.333333333  0.000000000      13
       1       1  -19.625704066  -24.291550603
       1       2  -11.617720534  -15.467263834
       1       3   -8.246172833  -11.646956414
       1       4   -6.672511829   -9.514204818
       1       5    2.203885727    3.744104314
       1       6    4.229464834    5.382832926
       1       7    5.710694794    6.086786733
       1       8    5.889986109    6.015793037
       1       9    6.370468366    7.480176213
       1      10    6.895946509    7.143433146
       1      11    7.379388513    7.772691724
       1      12    8.911258082    9.237061097
       1      13    9.464403722    9.836156258
  0.041666667  0.375000000  0.000000000      13
       1       1  -19.227131601  -23.870512123
       1       2  -12.333704500  -16.250669459
       1       3   -8.455680863  -11.877566626
       1       4   -6.096110045   -8.860691448
       1       5    1.424714768    2.895224374
       1       6    4.937771267    6.255606205
       1       7    6.485189183    7.574497459
       1       8    6.620227983    7.060404990
       1       9    7.002556843    7.163485627
       1      10    7.830687427    8.069275367
       1      11    8.284633263    8.522426562
       1      12    9.785533946   10.159061135
       1      13   10.360660356   10.840373654
  0.041666667  0.416666667  0.000000000      13
       1       1  -18.896172289  -23.522274002
       1       2  -12.881519464  -16.846814753
       1       3   -8.598437230  -12.034844403
       1       4   -5.601631390   -8.308689725
       1       5    0.767058975    2.177915463
       1       6    5.406386607    6.906265575
       1       7    7.037545377    8.141812658
       1       8    7.632834661    8.176806859
       1       9    8.072858907    8.092484579
       1      10    8.862029393    9.113602473
       1      11    9.314498257    9.568867423
       1      12   10.284538967   11.477599443
       1      13   10.583020066   11.195955871
  0.041666667  0.458333333  0.000000000      13
       1       1  -18.701817535  -23.318902909
       1       2  -13.185824507  -17.175953623
       1       3   -8.670757248  -12.114509920
       1       4   -5.300928636   -7.981014656
       1       5    0.377818990    1.760712750
       1       6    5.578272595    7.144682950
       1       7    7.886054590    9.033672047
       1       8    8.668342717    9.442253817
       1       9    9.095213376   10.033488352
       1      10    9.316944147    9.503064158
       1      11    9.778010054   10.241210396
       1      12   10.283757494   10.598174786
       1      13   10.516480631   10.652473196
  0.041666667  0.500000000  0.000000000      13
       1       1  -18.701817535  -23.318954785
       1       2  -13.185824508  -17.175814020
       1       3   -8.670757248  -12.114574559
       1       4   -5.300928636   -7.981023926
       1       5    0.377818991    1.760733213
       1       6    5.578272595    7.144902794
       1       7    7.886054590    9.033062948
       1       8    8.668342716    9.442180081
       1       9    9.095213376   10.033902939
       1      10    9.316944147    9.503084163
       1      11    9.778010055   10.241263128
       1      12   10.283757494   10.598186399
       1      13   10.516480631   10.652333671
  0.041666667  0.541666667  0.000000000      13
       1       1  -18.896172294  -23.522431783
       1       2  -12.881519454  -16.846434633
       1       3   -8.598437228  -12.035041942
       1       4   -5.601631401   -8.308716642
       1       5    0.767058991    2.177979601
       1       6    5.406386600    6.906909353
       1       7    7.037545358    8.141007336
       1       8    7.632834635    8.176749896
       1       9    8.072858880    8.092419015
       1      10    8.862029367    9.113553660
       1      11    9.314498232    9.568671563
       1      12   10.284538989   11.477953601
       1      13   10.583020055   11.195967745
  0.041666667  0.583333333  0.000000000      13
       1       1  -19.227131600  -23.870703885
       1       2  -12.333704501  -16.250106108
       1       3   -8.455680865  -11.877890559
       1       4   -6.096110046   -8.860731288
       1       5    1.424714772    2.895323744
       1       6    4.937771267    6.256313835
       1       7    6.485189181    7.573988021
       1       8    6.620227982    7.060357843
       1       9    7.002556843    7.163305022
       1      10    7.830687427    8.069231970
       1      11    8.284633262    8.522125598
       1      12    9.785533945   10.159005204
       1      13   10.360660355   10.840046077
  0.041666667  0.625000000  0.000000000      13
       1       1  -19.625704065  -24.291759659
       1       2  -11.617720534  -15.466524341
       1       3   -8.246172835  -11.647378364
       1       4   -6.672511830   -9.514239871
       1       5    2.203885731    3.744233581
       1       6    4.229464834    5.383310286
       1       7    5.710694793    6.086756517
       1       8    5.889986109    6.015865519
       1       9    6.370468363    7.479956202
       1      10    6.895946509    7.143398556
       1      11    7.379388511    7.772194620
       1      12    8.911258081    9.237010835
       1      13    9.464403720    9.835719505
  0.041666667  0.666666667  0.000000000      13
       1       1  -20.040328313  -24.731040324
       1       2  -10.795535939  -14.561563914
       1       3   -7.976212685  -11.350615866
       1       4   -7.258429615  -10.182099882
       1       5    2.939617682    4.487929234
       1       6    3.480001748    4.539069214
       1       7    4.961072175    5.324209445
       1       8    5.044072701    5.038903376
       1       9    6.041612924    6.725261214
       1      10    6.092497508    6.389985381
       1      11    6.774942060    7.785571943
       1      12    8.121643157    8.443425091
       1      13    8.628257042    9.015546651
  0.041666667  0.708333333  0.000000000      13
       1       1  -20.438404084  -25.153898483
       1       2   -9.914971640  -13.587471042
       1       3   -7.812544339  -10.813807236
       1       4   -7.654927888  -10.997974147
       1       5    2.780598668    3.781419533
       1       6    3.299605511    4.501192174
       1       7    4.277738664    4.261957673
       1       8    4.523025658    5.050972840
       1       9    5.461469731    5.715560633
       1      10    5.517956736    6.057088409
       1      11    6.600153639    7.985955872
       1      12    7.461216338    7.830399001
       1      13    7.903942033    8.384509125
  0.041666667  0.750000000  0.000000000      13
       1       1  -20.800131146  -25.538614089
       1       2   -9.017331046  -12.590319932
       1       3   -8.311255730  -11.381162761
       1       4   -7.295751511  -10.604702455
       1       5    2.161344936    3.122760858
       1       6    3.040085244    3.754031937
       1       7    3.616573813    3.598744395
       1       8    4.254161498    4.644901137
       1       9    4.852522129    5.016014799
       1      10    5.430660794    6.429864971
       1      11    6.536226458    7.772217113
       1      12    7.006863713    7.578465508
       1      13    7.338074338    8.140684544
  0.041666667  0.791666667  0.000000000      13
       1       1  -21.113369932  -25.872129039
       1       2   -8.740449778  -11.868050257
       1       3   -8.144109244  -11.616618029
       1       4   -6.917465595  -10.192021163
       1       5    1.633616938    2.567431450
       1       6    2.605353555    3.140789735
       1       7    3.064017751    3.045414203
       1       8    3.840713205    4.099903357
       1       9    4.320451775    4.458284497
       1      10    5.485592687    6.288190059
       1      11    6.341312023    6.992166833
       1      12    6.913106763    7.940510845
       1      13    7.049908973    8.516732504
  0.041666667  0.833333333  0.000000000      13
       1       1  -21.370519507  -26.146089509
       1       2   -9.091352647  -12.265112339
       1       3   -7.341792468  -10.719395641
       1       4   -6.545584040   -9.788474442
       1       5    1.202787540    2.117787666
       1       6    2.212450961    2.676504205
       1       7    2.621076395    2.601855424
       1       8    3.450016154    3.672218788
       1       9    3.886049517    4.013478637
       1      10    5.313596524    5.829991912
       1      11    6.008995724    6.363123521
       1      12    7.012824618    8.810067411
       1      13    7.097699836    8.337342659
  0.041666667  0.875000000  0.000000000      13
       1       1  -21.566753959  -26.355180320
       1       2   -9.358436374  -12.566871493
       1       3   -6.662996841   -9.959005326
       1       4   -6.213111478   -9.430272016
       1       5    0.872685905    1.775978417
       1       6    1.906012496    2.334773349
       1       7    2.288254606    2.268403593
       1       8    3.142939462    3.351548393
       1       9    3.555801391    3.678061578
       1      10    5.087291484    5.488579975
       1      11    5.703161898    5.992147671
       1      12    7.045805420    8.961907571
       1      13    7.246343370    8.379064686
  0.083333333  0.083333333  0.000000000      13
       1       1  -21.403001001  -26.180745535
       1       2   -9.135602008  -12.315144230
       1       3   -7.200864709  -10.564403561
       1       4   -6.532514282   -9.772792163
       1       5    1.149520360    2.061751276
       1       6    2.161984616    2.619245926
       1       7    2.565785118    2.546481699
       1       8    3.399528993    3.618853720
       1       9    3.832476089    3.957930716
       1      10    5.280469341    5.771696166
       1      11    5.974791337    6.277045808
       1      12    7.107988522    9.011922909
       1      13    7.128427383    8.366014290
  0.083333333  0.125000000  0.000000000      13
       1       1  -21.176996735  -25.939759025
       1       2   -8.827431721  -11.966558766
       1       3   -7.882290002  -11.328260040
       1       4   -6.920676388  -10.193031462
       1       5    1.530678582    2.457425506
       1       6    2.509935996    3.023156494
       1       7    2.953812753    2.935046096
       1       8    3.746550422    3.992787241
       1       9    4.216654468    4.347449763
       1      10    5.465385925    6.181850808
       1      11    6.335329064    6.698989817
       1      12    6.949964626    8.068525753
       1      13    7.179454107    9.000140081
  0.083333333  0.166666667  0.000000000      13
       1       1  -20.892623255  -25.637026060
       1       2   -8.668186631  -12.204764815
       1       3   -8.438366332  -11.525537629
       1       4   -7.328226086  -10.638573986
       1       5    2.012320763    2.960668323
       1       6    2.922801517    3.563019369
       1       7    3.451933413    3.433669705
       1       8    4.147880931    4.480476653
       1       9    4.704669682    4.846417126
       1      10    5.477487992    6.485083897
       1      11    6.706858941    7.436048516
       1      12    6.944219991    7.637347199
       1      13    7.309631563    8.746738605
  0.083333333  0.208333333  0.000000000      13
       1       1  -20.555991095  -25.278872839
       1       2   -9.513476831  -13.143478273
       1       3   -7.975414258  -10.999360785
       1       4   -7.721491915  -11.071391508
       1       5    2.590392113    3.569399052
       1       6    3.281188773    4.276422687
       1       7    4.059596187    4.042047555
       1       8    4.465997651    5.007390916
       1       9    5.288969132    5.460010349
       1      10    5.442851050    6.167994378
       1      11    6.898467294    8.233627333
       1      12    7.290959437    7.703001673
       1      13    7.707384871    8.444857824
  0.083333333  0.250000000  0.000000000      13
       1       1  -20.176751589  -24.876163245
       1       2  -10.373508466  -14.094290532
       1       3   -8.078771334  -11.466138594
       1       4   -7.449747249  -10.400299207
       1       5    3.177260773    4.666468487
       1       6    3.258520027    4.281018912
       1       7    4.773387975    5.177844220
       1       8    4.775579343    4.760523322
       1       9    5.862417988    6.210784562
       1      10    5.942542677    6.230966054
       1      11    6.976795803    8.382502897
       1      12    7.875955265    8.208670132
       1      13    8.353792612    8.829528312
  0.083333333  0.291666667  0.000000000      13
       1       1  -19.770430542  -24.445401016
       1       2  -11.204928803  -15.009429782
       1       3   -8.385755675  -11.805964992
       1       4   -6.879531282   -9.749818895
       1       5    2.554919841    4.119484812
       1       6    4.002742493    5.090451150
       1       7    5.416398942    5.783269217
       1       8    5.595178264    5.596034581
       1       9    6.517116976    7.364193246
       1      10    6.585652241    6.845647061
       1      11    7.226827720    8.107246956
       1      12    8.604215248    8.929380078
       1      13    9.136441285    9.544251996
  0.083333333  0.333333333  0.000000000      13
       1       1  -19.362437082  -24.014126679
       1       2  -11.961834276  -15.838292167
       1       3   -8.632702906  -12.079711205
       1       4   -6.295885969   -9.085550905
       1       5    1.788284056    3.294375414
       1       6    4.784579440    5.981881077
       1       7    6.257372690    6.678597011
       1       8    6.468795016    6.764263710
       1       9    6.834275724    7.868021263
       1      10    7.458827798    7.700342938
       1      11    7.944834881    8.282699518
       1      12    9.427665631    9.788764149
       1      13   10.010741741   10.441907192
  0.083333333  0.375000000  0.000000000      13
       1       1  -18.993931090  -23.625724513
       1       2  -12.588779961  -16.520968968
       1       3   -8.813210710  -12.279905185
       1       4   -5.753453444   -8.474336248
       1       5    1.069801655    2.507268119
       1       6    5.484517013    6.871808356
       1       7    6.975106072    8.144818580
       1       8    7.215204883    7.730830408
       1       9    7.647398577    7.729761601
       1      10    8.438167926    8.685337846
       1      11    8.912305443    9.151059698
       1      12   10.265964375   10.766525110
       1      13   10.686559557   11.739888465
  0.083333333  0.416666667  0.000000000      13
       1       1  -18.725738574  -23.345409036
       1       2  -13.015500765  -16.982787686
       1       3   -8.923060452  -12.401734644
       1       4   -5.344032389   -8.022580402
       1       5    0.540776325    1.934437931
       1       6    5.884288261    7.442501375
       1       7    7.600850945    8.742192106
       1       8    8.233623072    8.925972872
       1       9    8.781490245    8.796642093
       1      10    9.466099926    9.775085450
       1      11    9.691746998   10.692662632
       1      12   10.159156576   10.564140691
       1      13   10.554965964   11.291026978
  0.083333333  0.458333333  0.000000000      13
       1       1  -18.625526430  -23.240435801
       1       2  -13.169136888  -17.148233607
       1       3   -8.959930449  -12.442756116
       1       4   -5.186415182   -7.852569425
       1       5    0.341242341    1.722394171
       1       6    5.986543133    7.587346872
       1       7    8.288575206    9.528193125
       1       8    8.943796617    9.974935740
       1       9    8.972011933   10.046104716
       1      10    9.771546489   10.145494132
       1      11   10.033444833   10.017179277
       1      12   10.079249224   10.091869669
       1      13   10.576749094   10.737178935
  0.083333333  0.500000000  0.000000000      13
       1       1  -18.725738573  -23.345526341
       1       2  -13.015500765  -16.982533578
       1       3   -8.923060453  -12.401851811
       1       4   -5.344032391   -8.022604503
       1       5    0.540776329    1.934487099
       1       6    5.884288260    7.443001128
       1       7    7.600850943    8.741368370
       1       8    8.233623070    8.925903453
       1       9    8.781490245    8.796600282
       1      10    9.466099925    9.775053787
       1      11    9.691746998   10.693017305
       1      12   10.159156576   10.564069711
       1      13   10.554965967   11.291165898
  0.083333333  0.541666667  0.000000000      13
       1       1  -18.993931088  -23.625918088
       1       2  -12.588779961  -16.520504283
       1       3   -8.813210712  -12.280120681
       1       4   -5.753453447   -8.474374179
       1       5    1.069801661    2.507363585
       1       6    5.484517013    6.872515565
       1       7    6.975106068    8.144130926
       1       8    7.215204881    7.730776853
       1       9    7.647398577    7.729640866
       1      10    8.438167925    8.685294164
       1      11    8.912305442    9.150778396
       1      12   10.265964372   10.766487564
       1      13   10.686559555   11.739947724
  0.083333333  0.583333333  0.000000000      13
       1       1  -19.362437071  -24.014322115
       1       2  -11.961834292  -15.837674286
       1       3   -8.632702915  -12.080044990
       1       4   -6.295885958   -9.085597291
       1       5    1.788284046    3.294494216
       1       6    4.784579459    5.982387105
       1       7    6.257372711    6.678564685
       1       8    6.468795034    6.764331631
       1       9    6.834275729    7.867684373
       1      10    7.458827820    7.700305719
       1      11    7.944834899    8.282258060
       1      12    9.427665650    9.788719647
       1      13   10.010741760   10.441483096
  0.083333333  0.625000000  0.000000000      13
       1       1  -19.770430540  -24.445609779
       1       2  -11.204928800  -15.008686096
       1       3   -8.385755681  -11.806388784
       1       4   -6.879531284   -9.749869707
       1       5    2.554919850    4.119627845
       1       6    4.002742494    5.090751915
       1       7    5.416398942    5.783253565
       1       8    5.595178264    5.596087893
       1       9    6.517116972    7.364465839
       1      10    6.585652241    6.845622253
       1      11    7.226827711    8.106591202
       1      12    8.604215247    8.929348596
       1      13    9.136441280    9.543722554
  0.083333333  0.666666667  0.000000000      13
       1       1  -20.176751587  -24.876368770
       1       2  -10.373508460  -14.093496806
       1       3   -8.078771345  -11.466628659
       1       4   -7.449747251  -10.400371551
       1       5    3.177260781    4.666616744
       1       6    3.258520028    4.281198563
       1       7    4.773387977    5.177862127
       1       8    4.775579343    4.760555047
       1       9    5.862417988    6.210777248
       1      10    5.942542677    6.231223608
       1      11    6.976795789    8.382199286
       1      12    7.875955264    8.208648008
       1      13    8.353792604    8.828861032
  0.083333333  0.708333333  0.000000000      13
       1       1  -20.555991085  -25.279050277
       1       2   -9.513476839  -13.142653908
       1       3   -7.975414248  -10.999419430
       1       4   -7.721491941  -11.071896887
       1       5    2.590392128    3.569500690
       1       6    3.281188781    4.276485304
       1       7    4.059596202    4.042063875
       1       8    4.465997659    5.007450453
       1       9    5.288969147    5.460136166
       1      10    5.442851057    6.168044641
       1      11    6.898467283    8.233752377
       1      12    7.290959449    7.703000294
       1      13    7.707384868    8.443914707
  0.083333333  0.750000000  0.000000000      13
       1       1  -20.892623253  -25.637184765
       1       2   -8.668186609  -12.204009064
       1       3   -8.438366334  -11.525605417
       1       4   -7.328226114  -10.638993591
       1       5    2.012320763    2.960707464
       1       6    2.922801518    3.563036379
       1       7    3.451933413    3.433678780
       1       8    4.147880933    4.480501434
       1       9    4.704669682    4.846474907
       1      10    5.477487997    6.485181133
       1      11    6.706858938    7.436455275
       1      12    6.944219994    7.637397409
       1      13    7.309631524    8.745704079
  0.083333333  0.791666667  0.000000000      13
       1       1  -21.176996734  -25.939890809
       1       2   -8.827431722  -11.966604069
       1       3   -7.882289965  -11.327743474
       1       4   -6.920676431  -10.193218558
       1       5    1.530678582    2.457414709
       1       6    2.509935996    3.023163754
       1       7    2.953812753    2.935045205
       1       8    3.746550422    3.992799252
       1       9    4.216654468    4.347465821
       1      10    5.465385928    6.181921101
       1      11    6.335329065    6.699141494
       1      12    6.949964631    8.068640650
       1      13    7.179454049    8.999564474
  0.125000000  0.125000000  0.000000000      13
       1       1  -20.923624667  -25.669918592
       1       2   -8.521658907  -12.043955926
       1       3   -8.480942190  -11.573843250
       1       4   -7.370186598  -10.682933133
       1       5    1.963291453    2.907006853
       1       6    2.881132642    3.500680692
       1       7    3.397111915    3.378744552
       1       8    4.108961241    4.425632596
       1       9    4.655494054    4.790927751
       1      10    5.493369163    6.486190896
       1      11    6.766063707    7.141055725
       1      12    6.932127208    7.675184309
       1      13    7.398802553    9.243239385
  0.125000000  0.166666667  0.000000000      13
       1       1  -20.615374820  -25.342176952
       1       2   -9.244530728  -12.847169316
       1       3   -8.057587082  -11.092834710
       1       4   -7.828114352  -11.187415266
       1       5    2.496799401    3.464278373
       1       6    3.246728692    4.143752660
       1       7    3.950566489    3.932528727
       1       8    4.436267989    4.947321310
       1       9    5.198782348    5.343752090
       1      10    5.436903961    6.270029656
       1      11    7.213634314    7.659156085
       1      12    7.218481141    7.937551982
       1      13    7.652080303    9.184456235
  0.125000000  0.208333333  0.000000000      13
       1       1  -20.260035848  -24.965018992
       1       2  -10.022304470  -13.705422007
       1       3   -8.250270080  -11.656824634
       1       4   -7.566269403  -10.533176376
       1       5    3.126680273    4.127077244
       1       6    3.300948228    4.707792209
       1       7    4.613590202    4.596066924
       1       8    4.689501050    5.146753237
       1       9    5.739386906    6.144226367
       1      10    5.838782631    6.011161948
       1      11    7.449221146    8.870496552
       1      12    7.731536977    8.076391847
       1      13    8.159047420    8.916043213
  0.125000000  0.250000000  0.000000000      13
       1       1  -19.869946055  -24.551323925
       1       2  -10.813251611  -14.573932717
       1       3   -8.615292262  -12.064869406
       1       4   -7.021317330   -9.911480382
       1       5    2.820732296    4.395664762
       1       6    3.845818070    4.892684004
       1       7    5.230014700    5.598864782
       1       8    5.384891115    5.369895154
       1       9    6.382172717    6.657366114
       1      10    6.547395311    6.840350656
       1      11    7.550208235    9.019259811
       1      12    8.397251386    8.725782574
       1      13    8.884096357    9.408913561
  0.125000000  0.291666667  0.000000000      13
       1       1  -19.465014501  -24.123642383
       1       2  -11.569697220  -15.400662909
       1       3   -8.913783027  -12.399170222
       1       4   -6.446479286   -9.255718192
       1       5    2.111754988    3.649787916
       1       6    4.638732646    5.755725934
       1       7    5.998521507    6.411515621
       1       8    6.259245998    6.262723334
       1       9    7.153055182    8.084228558
       1      10    7.191075372    7.437544362
       1      11    7.837232470    8.698116896
       1      12    9.159349571    9.521004522
       1      13    9.717746544   10.205307502
  0.125000000  0.333333333  0.000000000      13
       1       1  -19.077526763  -23.716226824
       1       2  -12.237627256  -16.126775490
       1       3   -9.140857613  -12.653782006
       1       4   -5.882665661   -8.616424091
       1       5    1.384628967    2.852714179
       1       6    5.462080079    6.699568310
       1       7    6.893637306    7.400407503
       1       8    7.164589038    7.633368404
       1       9    7.482716015    8.434297587
       1      10    8.110342115    8.359168922
       1      11    8.623058813    8.950813448
       1      12    9.946300612   10.432414518
       1      13   10.570832342   11.251599402
  0.125000000  0.375000000  0.000000000      13
       1       1  -18.757573866  -23.380117575
       1       2  -12.752128339  -16.682931381
       1       3   -9.293685652  -12.825074266
       1       4   -5.400741123   -8.078423026
       1       5    0.771455560    2.182848819
       1       6    6.175770817    7.624399755
       1       7    7.618613344    8.864283586
       1       8    7.856000261    8.534978429
       1       9    8.409376384    8.461088332
       1      10    9.094918471    9.383755896
       1      11    9.615855679    9.935436217
       1      12   10.514387940   11.297997817
       1      13   10.515559003   11.733403349
  0.125000000  0.416666667  0.000000000      13
       1       1  -18.570689957  -23.185571362
       1       2  -13.038418340  -16.990535957
       1       3   -9.370498228  -12.911201064
       1       4   -5.108546655   -7.760121817
       1       5    0.407804532    1.793138254
       1       6    6.532199017    8.150885950
       1       7    8.232772626    9.452051650
       1       8    8.729300176    9.784324072
       1       9    9.417517781   10.339192777
       1      10    9.658734667    9.899242350
       1      11    9.897244441   10.369602799
       1      12   10.567230702   10.887129240
       1      13   10.831456723   10.981771226
  0.125000000  0.458333333  0.000000000      13
       1       1  -18.570689956  -23.185636045
       1       2  -13.038418340  -16.990413423
       1       3   -9.370498228  -12.911251245
       1       4   -5.108546657   -7.760133725
       1       5    0.407804535    1.793167306
       1       6    6.532199017    8.151185575
       1       7    8.232772624    9.451290740
       1       8    8.729300173    9.784253033
       1       9    9.417517781   10.339662364
       1      10    9.658734667    9.899268748
       1      11    9.897244444   10.369679863
       1      12   10.567230703   10.887138424
       1      13   10.831456723   10.981608785
  0.125000000  0.500000000  0.000000000      13
       1       1  -18.757573864  -23.380256024
       1       2  -12.752128340  -16.682584232
       1       3   -9.293685654  -12.825206145
       1       4   -5.400741127   -8.078458581
       1       5    0.771455568    2.182935391
       1       6    6.175770818    7.625045924
       1       7    7.618613338    8.863450497
       1       8    7.856000258    8.534920381
       1       9    8.409376384    8.460992222
       1      10    9.094918469    9.383725416
       1      11    9.615855678    9.935220567
       1      12   10.514387941   11.298083314
       1      13   10.515559003   11.733795466
  0.125000000  0.541666667  0.000000000      13
       1       1  -19.077526760  -23.716388069
       1       2  -12.237627255  -16.126265923
       1       3   -9.140857617  -12.653995281
       1       4   -5.882665665   -8.616472001
       1       5    1.384628979    2.852843274
       1       6    5.462080080    6.700048159
       1       7    6.893637304    7.400368720
       1       8    7.164589036    7.633384262
       1       9    7.482716009    8.433908203
       1      10    8.110342114    8.359138354
       1      11    8.623058810    8.950402423
       1      12    9.946300608   10.432390999
       1      13   10.570832337   11.251238581
  0.125000000  0.583333333  0.000000000      13
       1       1  -19.465014497  -24.123835290
       1       2  -11.569697217  -15.400045318
       1       3   -8.913783036  -12.399464481
       1       4   -6.446479290   -9.255773677
       1       5    2.111755002    3.649943707
       1       6    4.638732647    5.756006176
       1       7    5.998521506    6.411495116
       1       8    6.259245998    6.262770190
       1       9    7.153055177    8.084470038
       1      10    7.191075371    7.437516000
       1      11    7.837232459    8.697451845
       1      12    9.159349568    9.520975388
       1      13    9.717746537   10.204763434
  0.125000000  0.625000000  0.000000000      13
       1       1  -19.869946052  -24.551510246
       1       2  -10.813251603  -14.573255979
       1       3   -8.615292276  -12.065197554
       1       4   -7.021317334   -9.911546768
       1       5    2.820732310    4.395835616
       1       6    3.845818071    4.892829980
       1       7    5.230014701    5.598864937
       1       8    5.384891115    5.369920869
       1       9    6.382172717    6.657354540
       1      10    6.547395312    6.840585405
       1      11    7.550208214    9.018970429
       1      12    8.397251385    8.725765401
       1      13    8.884096347    9.408246844
  0.125000000  0.666666667  0.000000000      13
       1       1  -20.260035845  -24.965169125
       1       2  -10.022304454  -13.704781052
       1       3   -8.250270103  -11.657097844
       1       4   -7.566269406  -10.533242690
       1       5    3.126680273    4.127143664
       1       6    3.300948238    4.707938257
       1       7    4.613590202    4.596081481
       1       8    4.689501053    5.146792874
       1       9    5.739386908    6.144236241
       1      10    5.838782632    6.011257257
       1      11    7.449221123    8.870681925
       1      12    7.731536977    8.076383897
       1      13    8.159047398    8.915173148
  0.125000000  0.708333333  0.000000000      13
       1       1  -20.615374817  -25.342334874
       1       2   -9.244530700  -12.846688705
       1       3   -8.057587085  -11.092903515
       1       4   -7.828114388  -11.187524959
       1       5    2.496799401    3.464283160
       1       6    3.246728695    4.143809354
       1       7    3.950566489    3.932529705
       1       8    4.436267994    4.947385286
       1       9    5.198782349    5.343776474
       1      10    5.436903968    6.270114883
       1      11    7.213634316    7.659177307
       1      12    7.218481138    7.937951929
       1      13    7.652080246    9.183693070
  0.166666667  0.166666667  0.000000000      13
       1       1  -20.288026915  -24.995062342
       1       2   -9.871721641  -13.539637218
       1       3   -8.343398124  -11.759336156
       1       4   -7.605352600  -10.578003869
       1       5    3.082746356    4.075862229
       1       6    3.335903743    4.703607515
       1       7    4.559462257    4.541510445
       1       8    4.668399195    5.148167795
       1       9    5.702684810    6.133896531
       1      10    5.798583634    5.950056412
       1      11    7.684255145    8.034632299
       1      12    7.821580735    8.621311983
       1      13    8.004020874    9.552964227
  0.166666667  0.208333333  0.000000000      13
       1       1  -19.920579989  -24.605654891
       1       2  -10.542646919  -14.273274964
       1       3   -8.812414109  -12.285640559
       1       4   -7.093347731   -9.993540528
       1       5    2.963173601    4.538272626
       1       6    3.764884719    4.792948503
       1       7    5.142460896    5.517458236
       1       8    5.277983488    5.260345629
       1       9    6.282462937    6.569139214
       1      10    6.496388760    6.669444233
       1      11    8.133472919    9.722107021
       1      12    8.293244873    8.624994945
       1      13    8.634934568    9.403808650
  0.166666667  0.250000000  0.000000000      13
       1       1  -19.528862448  -24.191880371
       1       2  -11.228208548  -15.017899637
       1       3   -9.202220433  -12.726715310
       1       4   -6.539897557   -9.361684886
       1       5    2.338803595    3.899008193
       1       6    4.535276032    5.612593794
       1       7    5.844337264    6.255232825
       1       8    6.104834311    6.089491158
       1       9    7.029599509    7.280641273
       1      10    7.266343301    7.545372565
       1      11    8.264559047    9.846165635
       1      12    8.992361729    9.358213221
       1      13    9.446948944   10.112442786
  0.166666667  0.291666667  0.000000000      13
       1       1  -19.138216667  -23.780789638
       1       2  -11.878761631  -15.721238779
       1       3   -9.503637608  -13.068801884
       1       4   -5.976039799   -8.719776603
       1       5    1.651042854    3.146939051
       1       6    5.377258259    6.529199294
       1       7    6.674520527    7.182627609
       1       8    7.034787795    7.038295485
       1       9    7.885951608    8.138136315
       1      10    7.925555667    8.910880877
       1      11    8.560264031    9.468748377
       1      12    9.703858016   10.202726237
       1      13   10.303771337   11.045250692
  0.166666667  0.333333333  0.000000000      13
       1       1  -18.788498206  -23.414567680
       1       2  -12.430923423  -16.314900499
       1       3   -9.717034197  -13.311276395
       1       4   -5.455114605   -8.133101822
       1       5    1.013859918    2.446620826
       1       6    6.244045264    7.524806974
       1       7    7.565635699    8.260622146
       1       8    7.972849257    8.635506981
       1       9    8.260544757    9.124882816
       1      10    8.803881454    9.094352788
       1      11    9.389265177    9.743790622
       1      12   10.249992392   11.003488200
       1      13   10.863461521   12.118384852
  0.166666667  0.375000000  0.000000000      13
       1       1  -18.536475477  -23.153233676
       1       2  -12.810838698  -16.721069641
       1       3   -9.844229663  -13.455764765
       1       4   -5.064523885   -7.702553572
       1       5    0.543621536    1.937728180
       1       6    6.976109758    8.490166091
       1       7    8.341821252    9.681930738
       1       8    8.374722631    9.445081112
       1       9    9.274773277    9.315954327
       1      10    9.670932996   10.059258276
       1      11   10.086015199   11.132697946
       1      12   10.631183019   11.227346752
       1      13   10.669975409   11.125756222
  0.166666667  0.416666667  0.000000000      13
       1       1  -18.442981489  -23.056618544
       1       2  -12.948025942  -16.866900485
       1       3   -9.886499765  -13.503782472
       1       4   -4.914887182   -7.541343910
       1       5    0.365897095    1.749314499
       1       6    7.254486867    8.921676275
       1       7    8.693780635    9.993633594
       1       8    8.734990274   10.126126852
       1       9    9.569086832   10.680710170
       1      10   10.200747654   10.639188867
       1      11   10.523597664   10.510033084
       1      12   10.581467839   10.610405579
       1      13   10.867770512   10.988097848
  0.166666667  0.458333333  0.000000000      13
       1       1  -18.536475475  -23.153334839
       1       2  -12.810838698  -16.720851266
       1       3   -9.844229665  -13.455838253
       1       4   -5.064523889   -7.702581279
       1       5    0.543621544    1.937792356
       1       6    6.976109760    8.490709669
       1       7    8.341821245    9.680987435
       1       8    8.374722625    9.445026905
       1       9    9.274773277    9.315890296
       1      10    9.670932996   10.059287356
       1      11   10.086015199   11.133146751
       1      12   10.631183023   11.227450927
       1      13   10.669975409   11.125643508
  0.166666667  0.500000000  0.000000000      13
       1       1  -18.788498202  -23.414737399
       1       2  -12.430923423  -16.314529926
       1       3   -9.717034203  -13.311393818
       1       4   -5.455114610   -8.133150491
       1       5    1.013859932    2.446732348
       1       6    6.244045266    7.525222241
       1       7    7.565635695    8.260584004
       1       8    7.972849253    8.635432545
       1       9    8.260544750    9.124461742
       1      10    8.803881451    9.094337222
       1      11    9.389265173    9.743406907
       1      12   10.249992390   11.003551324
       1      13   10.863461517   12.118503385
  0.166666667  0.541666667  0.000000000      13
       1       1  -19.138216672  -23.780972277
       1       2  -11.878761612  -15.720761163
       1       3   -9.503637612  -13.068965122
       1       4   -5.976039819   -8.719839274
       1       5    1.651042888    3.147081790
       1       6    5.377258239    6.529419072
       1       7    6.674520504    7.182613948
       1       8    7.034787772    7.038340881
       1       9    7.885951584    8.138115396
       1      10    7.925555650    8.911095265
       1      11    8.560264002    9.468077566
       1      12    9.703857995   10.202728669
       1      13   10.303771309   11.044738432
  0.166666667  0.583333333  0.000000000      13
       1       1  -19.528862444  -24.192050158
       1       2  -11.228208538  -15.017399492
       1       3   -9.202220451  -12.726866514
       1       4   -6.539897562   -9.361758053
       1       5    2.338803615    3.899190358
       1       6    4.535276033    5.612682441
       1       7    5.844337263    6.255229520
       1       8    6.104834311    6.089509959
       1       9    7.029599508    7.280636220
       1      10    7.266343301    7.545571014
       1      11    8.264559016    9.845911296
       1      12    8.992361726    9.358206335
       1      13    9.446948931   10.111800555
  0.166666667  0.625000000  0.000000000      13
       1       1  -19.920579985  -24.605799920
       1       2  -10.542646900  -14.272869490
       1       3   -8.812414137  -12.285671525
       1       4   -7.093347736   -9.993612296
       1       5    2.963173620    4.538467002
       1       6    3.764884720    4.792959856
       1       7    5.142460897    5.517480591
       1       8    5.277983488    5.260350694
       1       9    6.282462937    6.569142870
       1      10    6.496388761    6.669488371
       1      11    8.133472881    9.722342409
       1      12    8.293244871    8.624995895
       1      13    8.634934547    9.403098815
  0.208333333  0.208333333  0.000000000      13
       1       1  -19.550520979  -24.215256715
       1       2  -11.077799022  -14.849111378
       1       3   -9.337470904  -12.880097677
       1       4   -6.571538283   -9.397581615
       1       5    2.421053827    3.989159402
       1       6    4.498407849    5.564066815
       1       7    5.793308581    6.204208459
       1       8    6.052008344    6.034527318
       1       9    6.975626795    7.228670976
       1      10    7.253010134    7.438543031
       1      11    8.752544802   10.645198793
       1      12    8.935428489    9.303577806
       1      13    9.166120859    9.817223239
  0.208333333  0.250000000  0.000000000      13
       1       1  -19.170050312  -23.815119067
       1       2  -11.617877166  -15.423694974
       1       3   -9.772915418  -13.378566598
       1       4   -6.024885509   -8.774070146
       1       5    1.805987541    3.318805391
       1       6    5.317666265    6.436688654
       1       7    6.563009918    7.074451460
       1       8    6.934256625    6.919036557
       1       9    7.771284858    8.025803716
       1      10    8.083790171    8.357940436
       1      11    9.009490004   10.753680990
       1      12    9.571667968   10.083557536
       1      13    9.958615443   10.883374544
  0.208333333  0.291666667  0.000000000      13
       1       1  -18.810593649  -23.439803736
       1       2  -12.123871679  -15.958707210
       1       3  -10.095966396  -13.750993090
       1       4   -5.493608229   -8.172449387
       1       5    1.200654386    2.651603319
       1       6    6.203117018    7.403431144
       1       7    7.379194237    8.097682782
       1       8    7.919013253    7.924942339
       1       9    8.617296867    8.912509777
       1      10    8.774509799    9.890683694
       1      11    9.332763920   10.253707151
       1      12   10.032140970   10.775730661
       1      13   10.738635101   11.938843974
  0.208333333  0.333333333  0.000000000      13
       1       1  -18.518331493  -23.135999375
       1       2  -12.529702351  -16.385986713
       1       3  -10.305909839  -13.993699010
       1       4   -5.044524291   -7.672343572
       1       5    0.692241229    2.097071061
       1       6    7.099764901    8.443561852
       1       7    8.078146528    9.198275414
       1       8    8.830137485    9.964258886
       1       9    9.117883556    9.611857780
       1      10    9.428283792    9.780742875
       1      11   10.173210195   10.718033819
       1      12   10.490260294   11.083132896
       1      13   10.976120629   12.173067308
  0.208333333  0.375000000  0.000000000      13
       1       1  -18.350067849  -22.963085593
       1       2  -12.759834502  -16.626952789
       1       3  -10.408851502  -14.112749726
       1       4   -4.775290118   -7.379887185
       1       5    0.390279722    1.775195669
       1       6    7.803087235    9.405508477
       1       7    8.412664957    9.873526505
       1       8    8.981544963   10.381468212
       1       9   10.108273801   10.890598534
       1      10   10.260398728   10.633491893
       1      11   10.364051537   10.863992341
       1      12   11.168269777   11.488922199
       1      13   11.456629789   11.651070669
  0.208333333  0.416666667  0.000000000      13
       1       1  -18.350067848  -22.963115687
       1       2  -12.759834502  -16.626861479
       1       3  -10.408851504  -14.112766253
       1       4   -4.775290120   -7.379912770
       1       5    0.390279727    1.775233088
       1       6    7.803087237    9.405847166
       1       7    8.412664952    9.873516672
       1       8    8.981544957   10.380687212
       1       9   10.108273802   10.891034352
       1      10   10.260398731   10.633535396
       1      11   10.364051537   10.864080596
       1      12   11.168269777   11.488926004
       1      13   11.456629788   11.650836350
  0.208333333  0.458333333  0.000000000      13
       1       1  -18.518331484  -23.136129281
       1       2  -12.529702358  -16.385734385
       1       3  -10.305909849  -13.993741902
       1       4   -5.044524288   -7.672401046
       1       5    0.692241233    2.097163599
       1       6    7.099764923    8.443882613
       1       7    8.078146532    9.198253996
       1       8    8.830137486    9.963922448
       1       9    9.117883572    9.611538212
       1      10    9.428283809    9.780771753
       1      11   10.173210210   10.717888571
       1      12   10.490260312   11.083205187
       1      13   10.976120627   12.173388969
  0.208333333  0.500000000  0.000000000      13
       1       1  -18.810593644  -23.439963474
       1       2  -12.123871674  -15.958382074
       1       3  -10.095966409  -13.751034241
       1       4   -5.493608237   -8.172517238
       1       5    1.200654406    2.651744020
       1       6    6.203117019    7.403565961
       1       7    7.379194232    8.097684806
       1       8    7.919013253    7.924980499
       1       9    8.617296863    8.912516842
       1      10    8.774509790    9.890798806
       1      11    9.332763901   10.253053727
       1      12   10.032140965   10.775786847
       1      13   10.738635096   11.938667544
  0.208333333  0.541666667  0.000000000      13
       1       1  -19.170050307  -23.815267309
       1       2  -11.617877155  -15.423379064
       1       3   -9.772915439  -13.378549140
       1       4   -6.024885517   -8.774143941
       1       5    1.805987565    3.318982570
       1       6    5.317666266    6.436710850
       1       7    6.563009915    7.074455805
       1       8    6.934256625    6.919042796
       1       9    7.771284855    8.025804547
       1      10    8.083790173    8.358056471
       1      11    9.009489959   10.753457891
       1      12    9.571667962   10.083588570
       1      13    9.958615440   10.882972548
  0.250000000  0.250000000  0.000000000      13
       1       1  -18.818571928  -23.448602003
       1       2  -11.980699136  -15.789845479
       1       3  -10.264884367  -13.949948381
       1       4   -5.507418403   -8.186673787
       1       5    1.271384945    2.729580226
       1       6    6.179439590    7.359042308
       1       7    7.314109697    8.043300809
       1       8    7.871120376    7.859436445
       1       9    8.552496761    8.849558318
       1      10    8.961366808    9.357891587
       1      11    9.534695761   11.296313952
       1      12    9.951183111   10.690552427
       1      13   10.512398484   11.686543757
  0.250000000  0.291666667  0.000000000      13
       1       1  -18.510949918  -23.130529623
       1       2  -12.299189384  -16.103900766
       1       3  -10.631333829  -14.382615020
       1       4   -5.037850611   -7.660314303
       1       5    0.789227048    2.201730938
       1       6    7.092267228    8.368966651
       1       7    7.906827831    9.061802796
       1       8    8.904766299    8.943248185
       1       9    9.292703069    9.628206552
       1      10    9.511428659   10.998890488
       1      11   10.099981890   10.802081478
       1      12   10.377743517   10.942320902
       1      13   11.133122465   12.455649093
  0.250000000  0.333333333  0.000000000      13
       1       1  -18.294561882  -22.908484945
       1       2  -12.528670088  -16.328196467
       1       3  -10.851433424  -14.645295874
       1       4   -4.692857931   -7.282091892
       1       5    0.436589773    1.823915789
       1       6    7.970290624    9.428157953
       1       7    8.124249805    9.604825172
       1       8    9.484024125   11.026216004
       1       9   10.089808315   10.182050624
       1      10   10.140890753   10.455971458
       1      11   10.783388739   11.902652121
       1      12   11.203893222   11.578527154
       1      13   11.505864894   12.062752817
  0.250000000  0.375000000  0.000000000      13
       1       1  -18.215645585  -22.828320652
       1       2  -12.613807917  -16.411054348
       1       3  -10.924101949  -14.732236267
       1       4   -4.562727754   -7.142538328
       1       5    0.303899563    1.685058531
       1       6    8.148083571    9.701897134
       1       7    8.450363272   10.137811047
       1       8    9.427301547   10.801427068
       1       9   10.621798621   11.885108386
       1      10   10.952818997   11.467135970
       1      11   11.338067511   11.337396824
       1      12   11.416143216   11.483019562
       1      13   11.510173813   11.632915186
  0.250000000  0.416666667  0.000000000      13
       1       1  -18.294561880  -22.908547124
       1       2  -12.528670085  -16.328081233
       1       3  -10.851433431  -14.645292908
       1       4   -4.692857937   -7.282131582
       1       5    0.436589785    1.823983764
       1       6    7.970290626    9.428350427
       1       7    8.124249796    9.604843265
       1       8    9.484024114   11.025675412
       1       9   10.089808314   10.182028651
       1      10   10.140890755   10.456000052
       1      11   10.783388737   11.903072178
       1      12   11.203893224   11.578554158
       1      13   11.505864893   12.062554170
  0.250000000  0.458333333  0.000000000      13
       1       1  -18.510949913  -23.130655159
       1       2  -12.299189377  -16.103729239
       1       3  -10.631333843  -14.382565316
       1       4   -5.037850620   -7.660381398
       1       5    0.789227070    2.201857479
       1       6    7.092267229    8.369001124
       1       7    7.906827819    9.061837627
       1       8    8.904766299    8.943266541
       1       9    9.292703067    9.628235201
       1      10    9.511428642   10.998755783
       1      11   10.099981878   10.801834221
       1      12   10.377743519   10.942370983
       1      13   11.133122465   12.455688789
  0.291666667  0.291666667  0.000000000      13
       1       1  -18.276217349  -22.890450824
       1       2  -12.403848715  -16.158632537
       1       3  -11.048393196  -14.894708985
       1       4   -4.665876021   -7.249528225
       1       5    0.458738668    1.847210496
       1       6    7.987101478    9.401396205
       1       7    8.014008152    9.499204060
       1       8    9.752138840   11.177502709
       1       9   10.065308192   10.348761951
       1      10   10.089944260   10.390978078
       1      11   10.920802575   11.852737448
       1      12   11.176427398   11.546952648
       1      13   11.641496275   12.551326242
  0.291666667  0.333333333  0.000000000      13
       1       1  -18.145434941  -22.757096866
       1       2  -12.447640402  -16.155787400
       1       3  -11.282681115  -15.197671931
       1       4   -4.450253313   -7.016542919
       1       5    0.267965864    1.647966550
       1       6    7.950367999    9.518487880
       1       7    8.689721492   10.347117757
       1       8    9.870623814   11.358733721
       1       9   11.002915744   12.093306404
       1      10   11.090164694   11.499512890
       1      11   11.312423312   11.579720009
       1      12   12.089405295   12.438544684
       1      13   12.334540139   12.607987521
  0.291666667  0.375000000  0.000000000      13
       1       1  -18.145434939  -22.757108003
       1       2  -12.447640398  -16.155769643
       1       3  -11.282681120  -15.197633360
       1       4   -4.450253317   -7.016564118
       1       5    0.267965872    1.647996599
       1       6    7.950367994    9.518511147
       1       7    8.689721493   10.347134658
       1       8    9.870623809   11.358552951
       1       9   11.002915742   12.093525755
       1      10   11.090164697   11.499524185
       1      11   11.312423312   11.579698671
       1      12   12.089405295   12.438546568
       1      13   12.334540140   12.607763386
  0.333333333  0.333333333  0.000000000      13
       1       1  -18.092930246  -22.705664570
       1       2  -12.383933047  -16.020431121
       1       3  -11.467406881  -15.463729016
       1       4   -4.362898379   -6.921917595
       1       5    0.208362275    1.586954018
       1       6    7.866556764    9.448298474
       1       7    8.956892561   10.728787275
       1       8   10.161399742   11.676970543
       1       9   10.950147096   12.113740247
       1      10   11.866909923   12.585282702
       1      11   12.268847885   12.613670113
       1      12   12.419462033   12.471167864
       1      13   12.481123675   12.488029904
