   0.0000000000   0.0000000000   0.0000000000          13           0
  1         1      -16.08732159         -0.1873866438E-14
  1         2      -13.17838635         -0.1656483501E-14
  1         3      -18.18619589         -0.1938253504E-14
  1         4      -18.18619589         -0.1938253504E-14
  1         5      -4.213782680         -0.3227050838E-15
  1         6      -2.058545748          0.1290597190E-16
  1         7     -0.3016747850          0.3053183547E-15
  1         8      -1.304863405          0.1826423854E-15
  1         9      -1.201726659          0.1687263327E-15
  1        10      -2.207047910         -0.7088270568E-17
  1        11      -2.101913150          0.4101670134E-16
  1        12      -14.39054935         -0.1777640094E-14
  1        13      -14.39054935         -0.1777640094E-14
   0.0000000000   0.0416666670   0.0000000000          13           0
  1         1      -16.09490071         -0.1874339580E-14
  1         2      -13.18973450         -0.1657632210E-14
  1         3      -18.11950031         -0.1917834210E-14
  1         4      -18.15266681         -0.1954159025E-14
  1         5      -4.213636604         -0.3222109159E-15
  1         6      -2.078605634          0.1001741191E-16
  1         7     -0.3021113489          0.3052689573E-15
  1         8      -1.316103142          0.1813298265E-15
  1         9      -1.201910930          0.1688939243E-15
  1        10      -2.262486370         -0.1514334334E-16
  1        11      -2.106771902          0.4030465498E-16
  1        12      -14.24990913         -0.1792571967E-14
  1        13      -14.43107066         -0.1750844891E-14
   0.0000000000   0.0833333330   0.0000000000          13           0
  1         1      -16.11783989         -0.1875773478E-14
  1         2      -13.22456196         -0.1661151943E-14
  1         3      -17.94052370         -0.1910363196E-14
  1         4      -18.06220862         -0.1949575890E-14
  1         5      -4.215097058         -0.3213978006E-15
  1         6      -2.145441846          0.4044354951E-18
  1         7     -0.3031749602          0.3051514415E-15
  1         8      -1.354906647          0.1767109723E-15
  1         9      -1.204746232          0.1688563070E-15
  1        10      -2.464381371         -0.4454046221E-16
  1        11      -2.158919741          0.3238232180E-16
  1        12      -13.89545323         -0.1755572498E-14
  1        13      -6.830752242         -0.6582370381E-15
   0.0000000000   0.1250000000   0.0000000000          13           0
  1         1      -16.15676309         -0.1878212489E-14
  1         2      -13.28443844         -0.1667196229E-14
  1         3      -17.69318973         -0.1900240527E-14
  1         4      -17.93791110         -0.1943281335E-14
  1         5      -4.226491891         -0.3221255076E-15
  1         6      -2.283919119         -0.1947810735E-16
  1         7     -0.3046479512          0.3049952555E-15
  1         8      -1.441930999          0.1659490090E-15
  1         9      -1.218218392          0.1669904078E-15
  1        10      -2.970749199         -0.1186870054E-15
  1        11      -2.435304470         -0.9972375262E-17
  1        12      -13.27080528         -0.1678400447E-14
  1        13      -8.103351790         -0.8575713191E-15
   0.0000000000   0.1666666670   0.0000000000          13           0
  1         1      -16.21277724         -0.1881737652E-14
  1         2      -13.37241916         -0.1676054218E-14
  1         3      -17.41578056         -0.1888935851E-14
  1         4      -17.80323068         -0.1936480793E-14
  1         5      -4.263477694         -0.3269515532E-15
  1         6      -2.567296536         -0.6010462970E-16
  1         7     -0.3072082516          0.3047137974E-15
  1         8      -1.645450755          0.1393528669E-15
  1         9      -1.260976434          0.1600499985E-15
  1        10      -4.302884181         -0.3162270849E-15
  1        11      -3.708142344         -0.2065309558E-15
  1        12      -11.62801276         -0.1441546426E-14
  1        13      -8.002385290         -0.8675275537E-15
   0.0000000000   0.2083333330   0.0000000000          13           0
  1         1      -16.28756361         -0.1886475427E-14
  1         2      -13.49327600         -0.1688182652E-14
  1         3      -17.13076212         -0.1877079059E-14
  1         4      -17.67465701         -0.1930002440E-14
  1         5      -4.347347865         -0.3389334417E-15
  1         6      -3.250833117         -0.1582154352E-15
  1         7     -0.3133243004          0.3039624425E-15
  1         8      -2.241250233          0.5563238939E-16
  1         9      -1.383920736          0.1397370834E-15
  1        10      -6.838448861         -0.7048713373E-15
  1        11      -7.776660239         -0.8421139942E-15
  1        12      -4.951632597         -0.4370584413E-15
  1        13      -7.117150175         -0.7512174282E-15
   0.0000000000   0.2500000000   0.0000000000          13           0
  1         1      -16.38346767         -0.1892606315E-14
  1         2      -16.84776665         -0.1864787621E-14
  1         3      -13.65398371         -0.1704244285E-14
  1         4      -17.56088099         -0.1924286548E-14
  1         5      -4.510478327         -0.3627020356E-15
  1         6      -5.476956829         -0.4809152353E-15
  1         7     -0.3303671637          0.3016502190E-15
  1         8      -4.016981955         -0.2225808683E-15
  1         9      -1.787069620          0.7389002499E-16
  1        10      -5.541962506         -0.5317197074E-15
  1        11      -10.49431565         -0.1275886744E-14
  1        12      -2.389156689         -0.5768138407E-16
  1        13      -3.656714925         -0.2117253450E-15
   0.0000000000   0.2916666670   0.0000000000          13           0
  1         1      -16.50344764         -0.1900367585E-14
  1         2      -16.56895833         -0.1851877376E-14
  1         3      -17.46542094         -0.1919499587E-14
  1         4      -13.86477639         -0.1725203548E-14
  1         5      -4.819885423         -0.4081535285E-15
  1         6      -10.54960150         -0.1241251841E-14
  1         7     -0.3885491012          0.2931614007E-15
  1         8      -2.980208796         -0.1258355738E-15
  1         9      -3.613476088         -0.2199879802E-15
  1        10      -2.063121668          0.1988492829E-16
  1        11      -9.276298656         -0.1090788031E-14
  1        12      -1.718874170          0.4420028104E-16
  1        13      -2.602786922         -0.4441800863E-16
   0.0000000000   0.3333333330   0.0000000000          13           0
  1         1      -16.65037617         -0.1910012352E-14
  1         2      -16.29297888         -0.1838096052E-14
  1         3      -17.38900162         -0.1915676769E-14
  1         4      -14.13877429         -0.1752290242E-14
  1         5      -12.31708082         -0.1542678801E-14
  1         6      -5.451974585         -0.5019607790E-15
  1         7      -1.849737911          0.3093627028E-16
  1         8     -0.7332295842          0.2401821951E-15
  1         9      -8.254861695         -0.9624567035E-15
  1        10      -1.342128939          0.1494908455E-15
  1        11      -4.005294392         -0.2630958059E-15
  1        12      -1.619565842          0.5865710749E-16
  1        13      -2.286462968          0.9352859487E-17
   0.0000000000   0.3750000000   0.0000000000          13           0
  1         1      -16.82421184         -0.1921617604E-14
  1         2      -16.01983985         -0.1823327371E-14
  1         3      -17.33099320         -0.1912776496E-14
  1         4      -14.48910874         -0.1786708674E-14
  1         5      -12.22139490         -0.1565197503E-14
  1         6      -6.908735348         -0.7217164055E-15
  1         7      -1.828822774          0.3307426694E-16
  1         8      -6.170120901         -0.6266411199E-15
  1         9      -3.666195157         -0.2394008827E-15
  1        10      -1.227651540          0.1769635510E-15
  1        11      -1.909811126          0.6365256891E-16
  1        12      -1.729648107          0.3892452135E-16
  1        13      -2.340435055          0.1081098827E-16
   0.0000000000   0.4166666670   0.0000000000          13           0
  1         1      -17.01351411         -0.1934475564E-14
  1         2      -15.76028197         -0.1808246732E-14
  1         3      -17.29041998         -0.1910757747E-14
  1         4      -14.91036880         -0.1827839913E-14
  1         5      -11.77009700         -0.1531317086E-14
  1         6      -9.750358789         -0.1159843937E-14
  1         7      -7.024013932         -0.7809366287E-15
  1         8      -2.069753167         -0.3569990708E-17
  1         9     -0.5984461759          0.2560263076E-15
  1        10      -1.258695777          0.1789756617E-15
  1        11      -1.532919709          0.1219485931E-15
  1        12      -2.159713487         -0.3495808674E-16
  1        13      -4.884220067         -0.3431293239E-15
   0.0000000000   0.4583333330   0.0000000000          13           0
  1         1      -17.17865442         -0.1945857627E-14
  1         2      -15.55328596         -0.1795545801E-14
  1         3      -17.26647402         -0.1909563381E-14
  1         4      -15.32276033         -0.1867904796E-14
  1         5      -11.30369248         -0.1489640186E-14
  1         6      -11.94632958         -0.1506847161E-14
  1         7      -5.400228195         -0.5211776016E-15
  1         8      -2.587703341         -0.8111743486E-16
  1         9     -0.4143183107          0.2886851536E-15
  1        10      -1.498223235          0.1457463024E-15
  1        11      -4.493122622         -0.3281831735E-15
  1        12      -1.902207911          0.4433968629E-16
  1        13      -2.989740753         -0.1726072221E-15
   0.0000000000   0.5000000000   0.0000000000          13           0
  1         1      -17.24812184         -0.1950686572E-14
  1         2      -15.46995099         -0.1790276625E-14
  1         3      -17.25855450         -0.1909168304E-14
  1         4      -15.51231966         -0.1886269059E-14
  1         5      -11.09243148         -0.1470100242E-14
  1         6      -12.48864704         -0.1594462886E-14
  1         7      -5.463582061         -0.5246871727E-15
  1         8      -4.362537423         -0.3283979251E-15
  1         9      -4.073848965         -0.2924860777E-15
  1        10      -1.518506303          0.5058675885E-16
  1        11     -0.3291189455          0.2744279971E-15
  1        12     -0.3538930470          0.3230722549E-15
  1        13      -1.181412510          0.2212951388E-15
   0.0000000000   0.5416666670   0.0000000000          13           0
  1         1      -17.17865442         -0.1945857627E-14
  1         2      -15.55328596         -0.1795545801E-14
  1         3      -17.26647402         -0.1909563381E-14
  1         4      -15.32276033         -0.1867904796E-14
  1         5      -11.30369248         -0.1489640186E-14
  1         6      -11.94632958         -0.1506847161E-14
  1         7      -5.400228195         -0.5211776016E-15
  1         8      -2.587703341         -0.8111743486E-16
  1         9     -0.4143183107          0.2886851536E-15
  1        10      -1.498223235          0.1457463024E-15
  1        11      -4.493122622         -0.3281831735E-15
  1        12      -1.902207911          0.4433968629E-16
  1        13      -2.989740753         -0.1726072221E-15
   0.0000000000   0.5833333330   0.0000000000          13           0
  1         1      -17.01351411         -0.1934475564E-14
  1         2      -15.76028197         -0.1808246732E-14
  1         3      -17.29041998         -0.1910757747E-14
  1         4      -14.91036880         -0.1827839913E-14
  1         5      -11.77009700         -0.1531317086E-14
  1         6      -9.750358789         -0.1159843937E-14
  1         7      -7.024013932         -0.7809366287E-15
  1         8      -2.069753167         -0.3569990708E-17
  1         9     -0.5984461759          0.2560263076E-15
  1        10      -1.258695777          0.1789756617E-15
  1        11      -1.532919709          0.1219485931E-15
  1        12      -2.159713487         -0.3495808674E-16
  1        13      -4.884220067         -0.3431293239E-15
   0.0000000000   0.6250000000   0.0000000000          13           0
  1         1      -16.82421184         -0.1921617604E-14
  1         2      -16.01983985         -0.1823327371E-14
  1         3      -17.33099320         -0.1912776496E-14
  1         4      -14.48910874         -0.1786708674E-14
  1         5      -12.22139490         -0.1565197503E-14
  1         6      -6.908735348         -0.7217164055E-15
  1         7      -1.828822774          0.3307426694E-16
  1         8      -6.170120901         -0.6266411199E-15
  1         9      -3.666195157         -0.2394008827E-15
  1        10      -1.227651540          0.1769635510E-15
  1        11      -1.909811126          0.6365256891E-16
  1        12      -1.729648107          0.3892452135E-16
  1        13      -2.340435055          0.1081098827E-16
   0.0000000000   0.6666666670   0.0000000000          13           0
  1         1      -16.65037617         -0.1910012352E-14
  1         2      -16.29297888         -0.1838096052E-14
  1         3      -17.38900162         -0.1915676769E-14
  1         4      -14.13877429         -0.1752290242E-14
  1         5      -12.31708082         -0.1542678801E-14
  1         6      -5.451974585         -0.5019607790E-15
  1         7      -1.849737911          0.3093627028E-16
  1         8     -0.7332295842          0.2401821951E-15
  1         9      -8.254861695         -0.9624567035E-15
  1        10      -1.342128939          0.1494908455E-15
  1        11      -4.005294392         -0.2630958059E-15
  1        12      -1.619565842          0.5865710749E-16
  1        13      -2.286462968          0.9352859487E-17
   0.0000000000   0.7083333330   0.0000000000          13           0
  1         1      -16.50344764         -0.1900367585E-14
  1         2      -16.56895833         -0.1851877376E-14
  1         3      -17.46542094         -0.1919499587E-14
  1         4      -13.86477639         -0.1725203548E-14
  1         5      -4.819885423         -0.4081535285E-15
  1         6      -10.54960150         -0.1241251841E-14
  1         7     -0.3885491012          0.2931614007E-15
  1         8      -2.980208796         -0.1258355738E-15
  1         9      -3.613476088         -0.2199879802E-15
  1        10      -2.063121668          0.1988492829E-16
  1        11      -9.276298656         -0.1090788031E-14
  1        12      -1.718874170          0.4420028104E-16
  1        13      -2.602786922         -0.4441800863E-16
   0.0000000000   0.7500000000   0.0000000000          13           0
  1         1      -16.38346767         -0.1892606315E-14
  1         2      -16.84776665         -0.1864787621E-14
  1         3      -13.65398371         -0.1704244285E-14
  1         4      -17.56088099         -0.1924286548E-14
  1         5      -4.510478327         -0.3627020356E-15
  1         6      -5.476956829         -0.4809152353E-15
  1         7     -0.3303671637          0.3016502190E-15
  1         8      -4.016981955         -0.2225808683E-15
  1         9      -1.787069620          0.7389002499E-16
  1        10      -5.541962506         -0.5317197074E-15
  1        11      -10.49431565         -0.1275886744E-14
  1        12      -2.389156689         -0.5768138407E-16
  1        13      -3.656714925         -0.2117253450E-15
   0.0000000000   0.7916666670   0.0000000000          13           0
  1         1      -16.28756361         -0.1886475427E-14
  1         2      -13.49327600         -0.1688182652E-14
  1         3      -17.13076212         -0.1877079059E-14
  1         4      -17.67465701         -0.1930002440E-14
  1         5      -4.347347865         -0.3389334417E-15
  1         6      -3.250833117         -0.1582154352E-15
  1         7     -0.3133243004          0.3039624425E-15
  1         8      -2.241250233          0.5563238939E-16
  1         9      -1.383920736          0.1397370834E-15
  1        10      -6.838448861         -0.7048713373E-15
  1        11      -7.776660239         -0.8421139942E-15
  1        12      -4.951632597         -0.4370584413E-15
  1        13      -7.117150175         -0.7512174282E-15
   0.0000000000   0.8333333330   0.0000000000          13           0
  1         1      -16.21277724         -0.1881737652E-14
  1         2      -13.37241916         -0.1676054218E-14
  1         3      -17.41578056         -0.1888935851E-14
  1         4      -17.80323068         -0.1936480793E-14
  1         5      -4.263477694         -0.3269515532E-15
  1         6      -2.567296536         -0.6010462970E-16
  1         7     -0.3072082516          0.3047137974E-15
  1         8      -1.645450755          0.1393528669E-15
  1         9      -1.260976434          0.1600499985E-15
  1        10      -4.302884181         -0.3162270849E-15
  1        11      -3.708142344         -0.2065309558E-15
  1        12      -11.62801276         -0.1441546426E-14
  1        13      -8.002385290         -0.8675275537E-15
   0.0000000000   0.8750000000   0.0000000000          13           0
  1         1      -16.15676309         -0.1878212489E-14
  1         2      -13.28443844         -0.1667196229E-14
  1         3      -17.69318973         -0.1900240527E-14
  1         4      -17.93791110         -0.1943281335E-14
  1         5      -4.226491891         -0.3221255076E-15
  1         6      -2.283919119         -0.1947810735E-16
  1         7     -0.3046479512          0.3049952555E-15
  1         8      -1.441930999          0.1659490090E-15
  1         9      -1.218218392          0.1669904078E-15
  1        10      -2.970749199         -0.1186870054E-15
  1        11      -2.435304470         -0.9972375262E-17
  1        12      -13.27080528         -0.1678400447E-14
  1        13      -8.103351790         -0.8575713191E-15
   0.0000000000   0.9166666670   0.0000000000          13           0
  1         1      -16.11783989         -0.1875773478E-14
  1         2      -13.22456196         -0.1661151943E-14
  1         3      -17.94052370         -0.1910363196E-14
  1         4      -18.06220862         -0.1949575890E-14
  1         5      -4.215097058         -0.3213978006E-15
  1         6      -2.145441846          0.4044354951E-18
  1         7     -0.3031749602          0.3051514415E-15
  1         8      -1.354906647          0.1767109723E-15
  1         9      -1.204746232          0.1688563070E-15
  1        10      -2.464381371         -0.4454046221E-16
  1        11      -2.158919741          0.3238232180E-16
  1        12      -13.89545323         -0.1755572498E-14
  1        13      -6.830752242         -0.6582370381E-15
   0.0000000000   0.9583333330   0.0000000000          13           0
  1         1      -16.09490071         -0.1874339580E-14
  1         2      -13.18973450         -0.1657632210E-14
  1         3      -18.11950031         -0.1917834210E-14
  1         4      -18.15266681         -0.1954159025E-14
  1         5      -4.213636604         -0.3222109159E-15
  1         6      -2.078605634          0.1001741191E-16
  1         7     -0.3021113489          0.3052689573E-15
  1         8      -1.316103142          0.1813298265E-15
  1         9      -1.201910930          0.1688939243E-15
  1        10      -2.262486370         -0.1514334334E-16
  1        11      -2.106771902          0.4030465498E-16
  1        12      -14.24990913         -0.1792571967E-14
  1        13      -14.43107066         -0.1750844891E-14
   0.0416666670   0.0416666670   0.0000000000          13           0
  1         1      -16.11015948         -0.1875446538E-14
  1         2      -13.21288415         -0.1660084290E-14
  1         3      -18.00208598         -0.1870424733E-14
  1         4      -18.08536888         -0.1992944685E-14
  1         5      -4.214049996         -0.3213069593E-15
  1         6      -2.122039179          0.3776919242E-17
  1         7     -0.3028358177          0.3052029250E-15
  1         8      -1.341070453          0.1783846958E-15
  1         9      -1.203060144          0.1690781192E-15
  1        10      -2.390517427         -0.3371731350E-16
  1        11      -2.125909258          0.3748306497E-16
  1        12      -14.11095633         -0.1798614031E-14
  1        13      -6.509134646         -0.6092636018E-15
   0.0416666670   0.0833333330   0.0000000000          13           0
  1         1      -16.14108510         -0.1877523919E-14
  1         2      -13.26019496         -0.1664957322E-14
  1         3      -17.80057973         -0.1870127315E-14
  1         4      -17.96639267         -0.1978756492E-14
  1         5      -4.219045487         -0.3209345456E-15
  1         6      -2.223632511         -0.1080993166E-16
  1         7     -0.3039393955          0.3050993948E-15
  1         8      -1.402955507          0.1708547985E-15
  1         9      -1.208764615          0.1685872039E-15
  1        10      -2.735606457         -0.8404188192E-16
  1        11      -2.216934098          0.2387752554E-16
  1        12      -13.81440228         -0.1761009441E-14
  1        13      -7.690186588         -0.7899558625E-15
   0.0416666670   0.1250000000   0.0000000000          13           0
  1         1      -16.18853684         -0.1880647234E-14
  1         2      -13.33405675         -0.1672496627E-14
  1         3      -17.54890404         -0.1867868432E-14
  1         4      -17.82624812         -0.1963727941E-14
  1         5      -4.239833256         -0.3231270437E-15
  1         6      -2.428486555         -0.4016408250E-16
  1         7     -0.3055048112          0.3049541338E-15
  1         8      -1.541649228          0.1531830276E-15
  1         9      -1.229432837          0.1654747098E-15
  1        10      -3.613923858         -0.2132463150E-15
  1        11      -2.668304608         -0.4500244514E-16
  1        12      -13.03948761         -0.1652277845E-14
  1        13      -8.362806901         -0.9082747691E-15
   0.0416666670   0.1666666670   0.0000000000          13           0
  1         1      -16.25389759         -0.1884919352E-14
  1         2      -13.43833001         -0.1683072157E-14
  1         3      -17.27457927         -0.1862725313E-14
  1         4      -17.68752902         -0.1950707712E-14
  1         5      -4.293805954         -0.3305000991E-15
  1         6      -2.877742116         -0.1044903492E-15
  1         7     -0.3087897607          0.3045997099E-15
  1         8      -1.901099652          0.1044091156E-15
  1         9      -1.291252177          0.1553594901E-15
  1        10      -5.763058291         -0.5358664668E-15
  1        11      -4.839216549         -0.3806777518E-15
  1        12      -6.530702489         -0.6630883773E-15
  1        13      -10.47414537         -0.1266885121E-14
   0.0416666670   0.2083333330   0.0000000000          13           0
  1         1      -16.33917500         -0.1890489326E-14
  1         2      -16.99424225         -0.1855442006E-14
  1         3      -13.57884100         -0.1697235607E-14
  1         4      -17.56264640         -0.1939875089E-14
  1         5      -4.405072620         -0.3464529085E-15
  1         6      -4.141355040         -0.2862099932E-15
  1         7     -0.3174878010          0.3035096052E-15
  1         8      -3.084041726         -0.7028019578E-16
  1         9      -1.475449338          0.1251530908E-15
  1        10      -7.006287248         -0.7434332902E-15
  1        11      -9.371234137         -0.1090885252E-14
  1        12      -3.196077301         -0.1781938978E-15
  1        13      -5.421131466         -0.4860906480E-15
   0.0416666670   0.2500000000   0.0000000000          13           0
  1         1      -16.44704610         -0.1897559948E-14
  1         2      -16.71489580         -0.1846455557E-14
  1         3      -13.76414661         -0.1715791805E-14
  1         4      -17.45663639         -0.1931034069E-14
  1         5      -4.615254507         -0.3769772363E-15
  1         6      -8.248249993         -0.8885617187E-15
  1         7     -0.3436208480          0.2998879034E-15
  1         8      -4.079019612         -0.2659717740E-15
  1         9      -2.161447012          0.1424191836E-16
  1        10      -3.176348447         -0.1629371660E-15
  1        11      -10.60067158         -0.1291580142E-14
  1        12      -1.902522072          0.1589708049E-16
  1        13      -3.132275402         -0.1273770139E-15
   0.0416666670   0.2916666670   0.0000000000          13           0
  1         1      -16.58057454         -0.1906368052E-14
  1         2      -16.43778663         -0.1835916343E-14
  1         3      -17.37053769         -0.1923918086E-14
  1         4      -14.00601528         -0.1739837824E-14
  1         5      -11.96359925         -0.1468154562E-14
  1         6      -5.020609543         -0.4363394949E-15
  1         7      -2.122477857         -0.7664386414E-17
  1         8     -0.4483848120          0.2843435901E-15
  1         9      -5.437321982         -0.5086703602E-15
  1        10      -1.527194342          0.1139913695E-15
  1        11      -7.435589484         -0.7991383712E-15
  1        12      -1.636004711          0.5605729391E-16
  1        13      -2.472847187         -0.2106987160E-16
   0.0416666670   0.3333333330   0.0000000000          13           0
  1         1      -16.74172407         -0.1917083693E-14
  1         2      -16.16231278         -0.1823891567E-14
  1         3      -17.30365053         -0.1918270258E-14
  1         4      -14.31840896         -0.1770649869E-14
  1         5      -12.37577724         -0.1568080115E-14
  1         6      -5.892785615         -0.5656876425E-15
  1         7      -1.797507250          0.3754230808E-16
  1         8      -1.455759288          0.1275271460E-15
  1         9      -8.511953429         -0.1002862416E-14
  1        10      -1.256152670          0.1684153012E-15
  1        11      -2.749214787         -0.6626042544E-16
  1        12      -1.667356701          0.4908500076E-16
  1        13      -2.321548054          0.8865254114E-17
   0.0416666670   0.3750000000   0.0000000000          13           0
  1         1      -16.92626576         -0.1929441375E-14
  1         2      -15.89272651         -0.1810799808E-14
  1         3      -17.25487187         -0.1913871166E-14
  1         4      -14.70920079         -0.1808862753E-14
  1         5      -12.02750693         -0.1551421471E-14
  1         6      -7.929400081         -0.8736389179E-15
  1         7      -7.916305477         -0.9105589478E-15
  1         8      -1.949736202          0.1388560008E-16
  1         9      -1.301742108          0.1415872643E-15
  1        10      -1.236529747          0.1791235508E-15
  1        11      -1.678210546          0.9945710766E-16
  1        12      -1.919933195          0.4635159492E-17
  1        13      -2.833293735         -0.4993631305E-16
   0.0416666670   0.4166666670   0.0000000000          13           0
  1         1      -17.11089386         -0.1941805264E-14
  1         2      -15.65180716         -0.1798380278E-14
  1         3      -17.22302417         -0.1910544621E-14
  1         4      -15.14575176         -0.1851173413E-14
  1         5      -11.53537846         -0.1510167311E-14
  1         6      -10.92080788         -0.1336946104E-14
  1         7      -6.226018148         -0.6538678055E-15
  1         8      -2.325508008         -0.4350724312E-16
  1         9     -0.4626609563          0.2791791596E-15
  1        10      -1.346030116          0.1677740040E-15
  1        11      -1.693268956          0.9971353564E-16
  1        12      -5.294641037         -0.4498548394E-15
  1        13      -2.978129017         -0.1747794068E-15
   0.0416666670   0.4583333330   0.0000000000          13           0
  1         1      -17.23749496         -0.1950055613E-14
  1         2      -15.49720453         -0.1790831472E-14
  1         3      -17.20733418         -0.1908149544E-14
  1         4      -15.48008716         -0.1883203907E-14
  1         5      -11.15998264         -0.1476714887E-14
  1         6      -12.34225457         -0.1563034093E-14
  1         7      -5.300226101         -0.5004325493E-15
  1         8      -3.287058618         -0.1862586323E-15
  1         9      -4.151498986         -0.2849459495E-15
  1        10      -1.010505773          0.1863264191E-15
  1        11      -2.240031241         -0.8115814148E-17
  1        12      -1.370807072          0.1241971598E-15
  1        13      -1.119096692          0.1705391933E-15
   0.0416666670   0.5000000000   0.0000000000          13           0
  1         1      -17.23749496         -0.1949421354E-14
  1         2      -15.49720453         -0.1793005376E-14
  1         3      -17.20733418         -0.1906588932E-14
  1         4      -15.48008716         -0.1882733621E-14
  1         5      -11.15998264         -0.1477738848E-14
  1         6      -12.34225457         -0.1563568071E-14
  1         7      -5.300226101         -0.5000927240E-15
  1         8      -3.287058620         -0.1857799372E-15
  1         9      -4.151498985         -0.2847135989E-15
  1        10      -1.010505774          0.1863515902E-15
  1        11      -2.240031236         -0.8230121543E-17
  1        12      -1.370807073          0.1241284533E-15
  1        13      -1.119096692          0.1704011283E-15
   0.0416666670   0.5416666670   0.0000000000          13           0
  1         1      -17.11089386         -0.1940158532E-14
  1         2      -15.65180716         -0.1804730310E-14
  1         3      -17.22302417         -0.1905789463E-14
  1         4      -15.14575175         -0.1849988630E-14
  1         5      -11.53537847         -0.1512993123E-14
  1         6      -10.92080783         -0.1338441112E-14
  1         7      -6.226018193         -0.6531611183E-15
  1         8      -2.325507998         -0.4307705448E-16
  1         9     -0.4626609602          0.2791976278E-15
  1        10      -1.346030111          0.1680678243E-15
  1        11      -1.693268934          0.9972903628E-16
  1        12      -5.294641086         -0.4483419762E-15
  1        13      -2.978128965         -0.1742859812E-15
   0.0416666670   0.5833333330   0.0000000000          13           0
  1         1      -16.92626576         -0.1927285450E-14
  1         2      -15.89272651         -0.1821090425E-14
  1         3      -17.25487187         -0.1905686695E-14
  1         4      -14.70920079         -0.1807366625E-14
  1         5      -12.02750693         -0.1555575756E-14
  1         6      -7.929400083         -0.8753720984E-15
  1         7      -7.916305490         -0.9102528305E-15
  1         8      -1.949736205          0.1417145107E-16
  1         9      -1.301742098          0.1416829738E-15
  1        10      -1.236529748          0.1793734231E-15
  1        11      -1.678210545          0.9949698100E-16
  1        12      -1.919933197          0.5186235030E-17
  1        13      -2.833293740         -0.4934169281E-16
   0.0416666670   0.6250000000   0.0000000000          13           0
  1         1      -16.74172407         -0.1914823750E-14
  1         2      -16.16231278         -0.1838197427E-14
  1         3      -17.30365053         -0.1906232122E-14
  1         4      -14.31840896         -0.1769116115E-14
  1         5      -12.37577724         -0.1573071873E-14
  1         6      -5.892785614         -0.5670964740E-15
  1         7      -1.797507251          0.3761639773E-16
  1         8      -1.455759301          0.1273549760E-15
  1         9      -8.511953437         -0.1003093686E-14
  1        10      -1.256152671          0.1685662021E-15
  1        11      -2.749214774         -0.6610711847E-16
  1        12      -1.667356702          0.4947629259E-16
  1        13      -2.321548057          0.9171939650E-17
   0.0416666670   0.6666666670   0.0000000000          13           0
  1         1      -16.58057454         -0.1904236440E-14
  1         2      -16.43778664         -0.1854746904E-14
  1         3      -17.37053769         -0.1907366447E-14
  1         4      -14.00601527         -0.1738407317E-14
  1         5      -11.96359921         -0.1473135878E-14
  1         6      -5.020609528         -0.4375032500E-15
  1         7      -2.122477884         -0.8127577372E-17
  1         8     -0.4483848071          0.2842461876E-15
  1         9      -5.437321888         -0.5093580587E-15
  1        10      -1.527194358          0.1138903606E-15
  1        11      -7.435589602         -0.7989704740E-15
  1        12      -1.636004714          0.5624823790E-16
  1        13      -2.472847194         -0.2059058345E-16
   0.0416666670   0.7083333330   0.0000000000          13           0
  1         1      -16.44704610         -0.1895668693E-14
  1         2      -16.71489579         -0.1870804132E-14
  1         3      -13.76414661         -0.1714528484E-14
  1         4      -17.45663639         -0.1908965483E-14
  1         5      -4.615254505         -0.3780130307E-15
  1         6      -8.248249972         -0.8913014324E-15
  1         7     -0.3436208479          0.2998111049E-15
  1         8      -4.079019619         -0.2678231740E-15
  1         9      -2.161447016          0.1375072522E-16
  1        10      -3.176348460         -0.1641260297E-15
  1        11      -10.60067161         -0.1291521699E-14
  1        12      -1.902522075          0.1572453537E-16
  1        13      -3.132275384         -0.1263271359E-15
   0.0416666670   0.7500000000   0.0000000000          13           0
  1         1      -16.33917500         -0.1888885313E-14
  1         2      -16.99424224         -0.1886883833E-14
  1         3      -13.57884100         -0.1696164008E-14
  1         4      -17.56264641         -0.1910776010E-14
  1         5      -4.405072618         -0.3474234907E-15
  1         6      -4.141355032         -0.2868746411E-15
  1         7     -0.3174878009          0.3034409363E-15
  1         8      -3.084041717         -0.7128911968E-16
  1         9      -1.475449337          0.1247806500E-15
  1        10      -7.006287254         -0.7466509999E-15
  1        11      -9.371234245         -0.1090680633E-14
  1        12      -3.196077311         -0.1793374959E-15
  1        13      -5.421131383         -0.4831869230E-15
   0.0416666670   0.7916666670   0.0000000000          13           0
  1         1      -16.25389759         -0.1883615707E-14
  1         2      -13.43833001         -0.1682199056E-14
  1         3      -17.27457927         -0.1903662379E-14
  1         4      -17.68752902         -0.1912238997E-14
  1         5      -4.293805951         -0.3314263364E-15
  1         6      -2.877742097         -0.1046708423E-15
  1         7     -0.3087897604          0.3045365468E-15
  1         8      -1.901099635          0.1041188037E-15
  1         9      -1.291252173          0.1550529484E-15
  1        10      -5.763058211         -0.5378872239E-15
  1        11      -4.839216531         -0.3810100521E-15
  1        12      -6.530702586         -0.6660255933E-15
  1        13      -10.47414543         -0.1258667920E-14
   0.0416666670   0.8333333330   0.0000000000          13           0
  1         1      -16.18853684         -0.1879643514E-14
  1         2      -13.33405675         -0.1671822705E-14
  1         3      -17.54890404         -0.1922043090E-14
  1         4      -17.82624812         -0.1912130119E-14
  1         5      -4.239833255         -0.3239894526E-15
  1         6      -2.428486555         -0.4021847707E-16
  1         7     -0.3055048111          0.3048980743E-15
  1         8      -1.541649227          0.1530820055E-15
  1         9      -1.229432836          0.1652311778E-15
  1        10      -3.613923851         -0.2139732841E-15
  1        11      -2.668304606         -0.4527394468E-16
  1        12      -13.03948766         -0.1633984749E-14
  1        13      -8.362806901         -0.9114445474E-15
   0.0416666670   0.8750000000   0.0000000000          13           0
  1         1      -16.14108510         -0.1876814100E-14
  1         2      -13.26019497         -0.1664478821E-14
  1         3      -17.80057973         -0.1943581280E-14
  1         4      -17.96639267         -0.1907757860E-14
  1         5      -4.219045487         -0.3216676801E-15
  1         6      -2.223632511         -0.1082442953E-16
  1         7     -0.3039393954          0.3050547606E-15
  1         8      -1.402955507          0.1708160238E-15
  1         9      -1.208764615          0.1684193825E-15
  1        10      -2.735606454         -0.8431892564E-16
  1        11      -2.216934091          0.2408048361E-16
  1        12      -13.81440233         -0.1722569854E-14
  1        13      -7.690186580         -0.7919773479E-15
   0.0833333330   0.0833333330   0.0000000000          13           0
  1         1      -16.18052667         -0.1880328057E-14
  1         2      -13.32145880         -0.1671377945E-14
  1         3      -17.61513564         -0.1847802882E-14
  1         4      -17.81125862         -0.1986322300E-14
  1         5      -4.230645325         -0.3215124133E-15
  1         6      -2.388044575         -0.3432312432E-16
  1         7     -0.3047898654          0.3050662262E-15
  1         8      -1.512789626          0.1569890668E-15
  1         9      -1.216295439          0.1678044343E-15
  1        10      -3.423157512         -0.1848078873E-15
  1        11      -2.292058139          0.1356342990E-16
  1        12      -13.83043870         -0.1764129111E-14
  1        13      -8.377017451         -0.9058619509E-15
   0.0833333330   0.1250000000   0.0000000000          13           0
  1         1      -16.23728231         -0.1884190765E-14
  1         2      -13.41149961         -0.1680622727E-14
  1         3      -17.39122544         -0.1842795991E-14
  1         4      -17.64222973         -0.1973998958E-14
  1         5      -4.261235169         -0.3251533216E-15
  1         6      -2.733424983         -0.8369106402E-16
  1         7     -0.3060578270          0.3049995342E-15
  1         8      -1.777994277          0.1216252417E-15
  1         9      -1.238138281          0.1644813801E-15
  1        10      -5.122970069         -0.4378673725E-15
  1        11      -2.717037546         -0.5048197073E-16
  1        12      -7.270084943         -0.7658291107E-15
  1        13      -13.28048749         -0.1683739170E-14
   0.0833333330   0.1666666670   0.0000000000          13           0
  1         1      -16.31304008         -0.1889279879E-14
  1         2      -17.13851056         -0.1839874789E-14
  1         3      -13.53511816         -0.1693198303E-14
  1         4      -17.49008453         -0.1958960206E-14
  1         5      -4.328469569         -0.3343278852E-15
  1         6      -3.599742157         -0.2077072895E-15
  1         7     -0.3093583117          0.3046888034E-15
  1         8      -2.574123333          0.7579839377E-17
  1         9      -1.304911703          0.1536444651E-15
  1        10      -7.202609864         -0.7627288630E-15
  1        11      -5.394938024         -0.4626445892E-15
  1        12      -4.034970184         -0.3017725708E-15
  1        13      -10.23192629         -0.1220430908E-14
   0.0833333330   0.2083333330   0.0000000000          13           0
  1         1      -16.41014528         -0.1895764545E-14
  1         2      -16.87029573         -0.1835837405E-14
  1         3      -13.69947115         -0.1709777573E-14
  1         4      -17.36424293         -0.1945049107E-14
  1         5      -4.458485918         -0.3527096007E-15
  1         6      -6.407139703         -0.6143436054E-15
  1         7     -0.3191363861          0.3035007859E-15
  1         8      -4.317708327         -0.2767737453E-15
  1         9      -1.516980432          0.1193087821E-15
  1        10      -4.610385951         -0.3873740620E-15
  1        11      -10.10983499         -0.1197568060E-14
  1        12      -2.160074241         -0.2366524497E-16
  1        13      -4.936583698         -0.4029969976E-15
   0.0833333330   0.2500000000   0.0000000000          13           0
  1         1      -16.53151525         -0.1903854674E-14
  1         2      -16.59596031         -0.1829674505E-14
  1         3      -17.26419435         -0.1933404264E-14
  1         4      -13.91479632         -0.1731308249E-14
  1         5      -11.19844196         -0.1335670843E-14
  1         6      -4.699965148         -0.3872565112E-15
  1         7      -2.666380233         -0.8334294177E-16
  1         8     -0.3508159408          0.2991473280E-15
  1         9      -1.842418097          0.5793639979E-16
  1        10      -2.399485291         -0.2149333488E-16
  1        11      -10.66910112         -0.1291810765E-14
  1        12      -1.691436043          0.4662333355E-16
  1        13      -3.084655916         -0.1134647063E-15
   0.0833333330   0.2916666670   0.0000000000          13           0
  1         1      -16.67989608         -0.1913744094E-14
  1         2      -16.31950660         -0.1821323297E-14
  1         3      -17.18703399         -0.1924001218E-14
  1         4      -14.19432351         -0.1758995178E-14
  1         5      -12.45349257         -0.1559514186E-14
  1         6      -5.171782607         -0.4553802670E-15
  1         7      -1.846162865          0.2971927007E-16
  1         8     -0.4967687745          0.2775479766E-15
  1         9      -6.628393615         -0.6889700609E-15
  1        10      -1.315686060          0.1548741266E-15
  1        11      -6.325660929         -0.6191619244E-15
  1        12      -1.656481340          0.4958878999E-16
  1        13      -2.588649386         -0.3196746043E-16
   0.0833333330   0.3333333330   0.0000000000          13           0
  1         1      -16.85495007         -0.1925393836E-14
  1         2      -16.04418601         -0.1811140485E-14
  1         3      -17.12987564         -0.1916492227E-14
  1         4      -14.55097085         -0.1793949688E-14
  1         5      -12.28505590         -0.1570774296E-14
  1         6      -6.224382441         -0.6095329877E-15
  1         7      -1.899702726          0.1991402083E-16
  1         8      -2.648970790         -0.5719530099E-16
  1         9      -7.662540713         -0.8605787710E-15
  1        10      -1.241229329          0.1751050004E-15
  1        11      -2.343568175         -0.2332509309E-17
  1        12      -1.852197903          0.1359153982E-16
  1        13      -2.656099831         -0.3109762139E-16
   0.0833333330   0.3750000000   0.0000000000          13           0
  1         1      -17.04473955         -0.1937911130E-14
  1         2      -15.78285539         -0.1800324382E-14
  1         3      -17.09056676         -0.1910521474E-14
  1         4      -14.97891194         -0.1835402188E-14
  1         5      -11.81947996         -0.1535774138E-14
  1         6      -8.670349169         -0.9755109112E-15
  1         7      -8.013389408         -0.9214368229E-15
  1         8      -2.220595490         -0.3041239229E-16
  1         9     -0.8180622008          0.2211756607E-15
  1        10      -1.312347242          0.1697386909E-15
  1        11      -1.663194059          0.1024080953E-15
  1        12      -2.533263114         -0.1062559881E-15
  1        13      -5.390196236         -0.4168461869E-15
   0.0833333330   0.4166666670   0.0000000000          13           0
  1         1      -17.20939256         -0.1948402928E-14
  1         2      -15.57536891         -0.1792016200E-14
  1         3      -17.06756231         -0.1905791696E-14
  1         4      -15.39645312         -0.1875266963E-14
  1         5      -11.34731854         -0.1495055401E-14
  1         6      -11.55349680         -0.1418104953E-14
  1         7      -5.955931275         -0.6059121608E-15
  1         8      -2.938848608         -0.1422616172E-15
  1         9     -0.4442525407          0.2844160038E-15
  1        10      -1.679272701          0.1111122527E-15
  1        11      -4.654800425         -0.3519553624E-15
  1        12      -1.967694242          0.3459841781E-16
  1        13      -3.210653332         -0.2123753952E-15
   0.0833333330   0.4583333330   0.0000000000          13           0
  1         1      -17.27835615         -0.1951944230E-14
  1         2      -15.49216725         -0.1791349008E-14
  1         3      -17.05998984         -0.1902063569E-14
  1         4      -15.58784833         -0.1892827990E-14
  1         5      -11.13417376         -0.1477386494E-14
  1         6      -12.42215333         -0.1555308926E-14
  1         7      -5.619816580         -0.5471640321E-15
  1         8      -4.586660971         -0.3628220917E-15
  1         9      -4.682312212         -0.4078190066E-15
  1        10      -1.589929261          0.4800760135E-16
  1        11     -0.3370550886          0.2733844845E-15
  1        12     -0.3706911607          0.3203783232E-15
  1        13      -1.199036098          0.2047415186E-15
   0.0833333330   0.5000000000   0.0000000000          13           0
  1         1      -17.20939256         -0.1945965645E-14
  1         2      -15.57536891         -0.1801088363E-14
  1         3      -17.06756231         -0.1899137610E-14
  1         4      -15.39645312         -0.1873475345E-14
  1         5      -11.34731855         -0.1499105292E-14
  1         6      -11.55349680         -0.1420310034E-14
  1         7      -5.955931274         -0.6046087954E-15
  1         8      -2.938848616         -0.1411656716E-15
  1         9     -0.4442525402          0.2844288727E-15
  1        10      -1.679272698          0.1116686072E-15
  1        11      -4.654800424         -0.3506254151E-15
  1        12      -1.967694244          0.3469276286E-16
  1        13      -3.210653326         -0.2126516776E-15
   0.0833333330   0.5416666670   0.0000000000          13           0
  1         1      -17.04473955         -0.1933914836E-14
  1         2      -15.78285539         -0.1817989364E-14
  1         3      -17.09056676         -0.1896854731E-14
  1         4      -14.97891194         -0.1832570320E-14
  1         5      -11.81947996         -0.1543026943E-14
  1         6      -8.670349175         -0.9787873597E-15
  1         7      -8.013389419         -0.9203256260E-15
  1         8      -2.220595496         -0.2959805336E-16
  1         9     -0.8180621928          0.2212961672E-15
  1        10      -1.312347243          0.1703512167E-15
  1        11      -1.663194059          0.1024567796E-15
  1        12      -2.533263114         -0.1048285462E-15
  1        13      -5.390196237         -0.4120031839E-15
   0.0833333330   0.5833333330   0.0000000000          13           0
  1         1      -16.85495007         -0.1920812862E-14
  1         2      -16.04418600         -0.1837267261E-14
  1         3      -17.12987564         -0.1895053219E-14
  1         4      -14.55097086         -0.1790802282E-14
  1         5      -12.28505589         -0.1580242581E-14
  1         6      -6.224382478         -0.6123097527E-15
  1         7      -1.899702735          0.2036543826E-16
  1         8      -2.648971040         -0.5753616106E-16
  1         9      -7.662540497         -0.8605602395E-15
  1        10      -1.241229331          0.1755641200E-15
  1        11      -2.343568122         -0.2094818627E-17
  1        12      -1.852197914          0.1467596678E-16
  1        13      -2.656099852         -0.2995624305E-16
   0.0833333330   0.6250000000   0.0000000000          13           0
  1         1      -16.67989608         -0.1909223401E-14
  1         2      -16.31950659         -0.1856626792E-14
  1         3      -17.18703399         -0.1893562742E-14
  1         4      -14.19432351         -0.1755943338E-14
  1         5      -12.45349256         -0.1570052346E-14
  1         6      -5.171782604         -0.4576338638E-15
  1         7      -1.846162870          0.2957024186E-16
  1         8     -0.4967687757          0.2773545023E-15
  1         9      -6.628393702         -0.6902247520E-15
  1        10      -1.315686062          0.1550438346E-15
  1        11      -6.325660866         -0.6187471328E-15
  1        12      -1.656481342          0.5026714321E-16
  1        13      -2.588649388         -0.3077174021E-16
   0.0833333330   0.6666666670   0.0000000000          13           0
  1         1      -16.53151525         -0.1899731667E-14
  1         2      -16.59596031         -0.1875809474E-14
  1         3      -17.26419435         -0.1892147446E-14
  1         4      -13.91479632         -0.1728548823E-14
  1         5      -11.19844194         -0.1344714948E-14
  1         6      -4.699965145         -0.3892256740E-15
  1         7      -2.666380248         -0.8522354384E-16
  1         8     -0.3508159406          0.2990014158E-15
  1         9      -1.842418106          0.5725864695E-16
  1        10      -2.399485304         -0.2246460214E-16
  1        11      -10.66910117         -0.1291713417E-14
  1        12      -1.691436046          0.4679262112E-16
  1        13      -3.084655891         -0.1112933709E-15
   0.0833333330   0.7083333330   0.0000000000          13           0
  1         1      -16.41014528         -0.1892190980E-14
  1         2      -16.87029572         -0.1895323658E-14
  1         3      -13.69947115         -0.1707391229E-14
  1         4      -17.36424293         -0.1890500493E-14
  1         5      -4.458485920         -0.3545328977E-15
  1         6      -6.407139779         -0.6177825938E-15
  1         7     -0.3191363862          0.3033725510E-15
  1         8      -4.317708336         -0.2805459816E-15
  1         9      -1.516980439          0.1186019999E-15
  1        10      -4.610385880         -0.3914542913E-15
  1        11      -10.10983525         -0.1197039035E-14
  1        12      -2.160074228         -0.2448746795E-16
  1        13      -4.936583466         -0.3976020451E-15
   0.0833333330   0.7500000000   0.0000000000          13           0
  1         1      -16.31304008         -0.1886311385E-14
  1         2      -17.13851056         -0.1915738745E-14
  1         3      -13.53511816         -0.1691213718E-14
  1         4      -17.49008453         -0.1888217565E-14
  1         5      -4.328469567         -0.3360610559E-15
  1         6      -3.599742147         -0.2085520445E-15
  1         7     -0.3093583114          0.3045710269E-15
  1         8      -2.574123320          0.6251062971E-17
  1         9      -1.304911700          0.1530739493E-15
  1        10      -7.202609857         -0.7689044515E-15
  1        11      -5.394938237         -0.4630773464E-15
  1        12      -4.034970213         -0.3050671331E-15
  1        13      -10.23192613         -0.1204703068E-14
   0.0833333330   0.7916666670   0.0000000000          13           0
  1         1      -16.23728231         -0.1881837341E-14
  1         2      -13.41149961         -0.1679045054E-14
  1         3      -17.39122544         -0.1937156022E-14
  1         4      -17.64222973         -0.1884977363E-14
  1         5      -4.261235168         -0.3267833709E-15
  1         6      -2.733424980         -0.8393929621E-16
  1         7     -0.3060578268          0.3048933406E-15
  1         8      -1.777994273          0.1212102490E-15
  1         9      -1.238138278          0.1640284399E-15
  1        10      -5.122970044         -0.4409021560E-15
  1        11      -2.717037542         -0.5072721684E-16
  1        12      -7.270084966         -0.7719536532E-15
  1        13      -13.28048754         -0.1648830881E-14
   0.1250000000   0.1250000000   0.0000000000          13           0
  1         1      -16.30440081         -0.1888954956E-14
  1         2      -17.21222575         -0.1825100331E-14
  1         3      -13.52076818         -0.1691959601E-14
  1         4      -17.43627908         -0.1975274467E-14
  1         5      -4.300834959         -0.3298686388E-15
  1         6      -3.452352274         -0.1862751351E-15
  1         7     -0.3067269808          0.3050723307E-15
  1         8      -2.431733299          0.2891318543E-16
  1         9      -1.254129934          0.1622304630E-15
  1        10      -7.125197135         -0.7473157721E-15
  1        11      -2.774570016         -0.5677796460E-16
  1        12      -4.390863612         -0.3536977795E-15
  1        13      -13.52907416         -0.1711167193E-14
   0.1250000000   0.1666666670   0.0000000000          13           0
  1         1      -16.39190588         -0.1894948994E-14
  1         2      -16.99844345         -0.1819875302E-14
  1         3      -13.66788685         -0.1706919165E-14
  1         4      -17.25605910         -0.1962680381E-14
  1         5      -4.376681571         -0.3399803591E-15
  1         6      -5.584996755         -0.4932013079E-15
  1         7     -0.3092872378          0.3049228118E-15
  1         8      -4.096123162         -0.2320596042E-15
  1         9      -1.309028926          0.1535051217E-15
  1        10      -5.499457563         -0.5217056933E-15
  1        11      -2.368289505         -0.5540944992E-16
  1        12      -5.262396199         -0.4370248592E-15
  1        13      -10.97740121         -0.1317069282E-14
   0.1250000000   0.2083333330   0.0000000000          13           0
  1         1      -16.50242722         -0.1902438464E-14
  1         2      -16.75209426         -0.1816992555E-14
  1         3      -17.11900301         -0.1947615732E-14
  1         4      -13.86153221         -0.1726400949E-14
  1         5      -4.516665858         -0.3592905392E-15
  1         6      -10.29624480         -0.1190350739E-14
  1         7     -0.3183338523          0.3039150156E-15
  1         8      -3.254916739         -0.1628359430E-15
  1         9      -2.215217448         -0.5400007423E-17
  1        10      -1.502625916          0.1226804291E-15
  1        11      -10.65589600         -0.1267673257E-14
  1        12      -1.756592296          0.3559952721E-16
  1        13      -5.077034886         -0.4103294627E-15
   0.1250000000   0.2500000000   0.0000000000          13           0
  1         1      -16.63885542         -0.1911608024E-14
  1         2      -16.48562815         -0.1813156731E-14
  1         3      -17.02009504         -0.1933516403E-14
  1         4      -14.11368672         -0.1751488464E-14
  1         5      -12.43192046         -0.1538671229E-14
  1         6      -4.773085907         -0.3951313177E-15
  1         7      -1.961447244          0.1219998296E-16
  1         8     -0.3500127800          0.2996963607E-15
  1         9      -1.395046538          0.1385752315E-15
  1        10      -2.391035780         -0.1680940882E-16
  1        11      -11.01352608         -0.1327972447E-14
  1        12      -1.667668699          0.4602097414E-16
  1        13      -3.415881846         -0.1522820890E-15
   0.1250000000   0.2916666670   0.0000000000          13           0
  1         1      -16.80270671         -0.1922517338E-14
  1         2      -16.21027175         -0.1807173278E-14
  1         3      -16.94996736         -0.1921622537E-14
  1         4      -14.43836834         -0.1783396556E-14
  1         5      -12.51361719         -0.1586572949E-14
  1         6      -5.275648938         -0.4660468726E-15
  1         7      -1.893132854          0.1891643061E-16
  1         8     -0.5107631704          0.2762815311E-15
  1         9      -7.133596315         -0.7541814181E-15
  1        10      -1.258804055          0.1692657174E-15
  1        11      -6.063828818         -0.5701543816E-15
  1        12      -1.845926199          0.1118480572E-16
  1        13      -3.090136172         -0.9479958607E-16
   0.1250000000   0.3333333330   0.0000000000          13           0
  1         1      -16.98886254         -0.1934708536E-14
  1         2      -15.93779016         -0.1799504319E-14
  1         3      -16.90174035         -0.1911921814E-14
  1         4      -14.84260954         -0.1822574896E-14
  1         5      -12.11829543         -0.1562684006E-14
  1         6      -6.419500149         -0.6297920519E-15
  1         7      -2.191089031         -0.2950484333E-16
  1         8      -3.792356912         -0.2292285213E-15
  1         9      -6.814688893         -0.7147041865E-15
  1        10      -1.313466115          0.1662369293E-15
  1        11      -2.244070054          0.1425735563E-16
  1        12      -2.468600524         -0.1025480041E-15
  1        13      -4.035081604         -0.2139912809E-15
   0.1250000000   0.3750000000   0.0000000000          13           0
  1         1      -17.17304437         -0.1946315143E-14
  1         2      -15.69534904         -0.1792375557E-14
  1         3      -16.87137585         -0.1904031106E-14
  1         4      -15.29137661         -0.1865352666E-14
  1         5      -11.61415208         -0.1521135516E-14
  1         6      -9.110101283         -0.1023719408E-14
  1         7      -8.128394854         -0.9284747490E-15
  1         8      -2.881922928         -0.1413419952E-15
  1         9     -0.6438225265          0.2510762505E-15
  1        10      -1.590049878          0.1221318791E-15
  1        11      -2.048432235          0.4706143795E-16
  1        12      -3.741404827         -0.3208156736E-15
  1        13      -5.655276240         -0.4986593915E-15
   0.1250000000   0.4166666670   0.0000000000          13           0
  1         1      -17.29789002         -0.1953235103E-14
  1         2      -15.54121705         -0.1790284896E-14
  1         3      -16.85666131         -0.1897517502E-14
  1         4      -15.63267413         -0.1896979488E-14
  1         5      -11.23373786         -0.1489219204E-14
  1         6      -11.85998517         -0.1437145854E-14
  1         7      -6.007691921         -0.6075189699E-15
  1         8      -4.615757388         -0.4225385950E-15
  1         9      -4.289069017         -0.3025747327E-15
  1        10      -1.274062759          0.1452231681E-15
  1        11      -2.315196494         -0.3599165801E-16
  1        12      -1.371754350          0.1351137348E-15
  1        13      -1.206036819          0.1558382262E-15
   0.1250000000   0.4583333330   0.0000000000          13           0
  1         1      -17.29789002         -0.1951251548E-14
  1         2      -15.54121705         -0.1797820627E-14
  1         3      -16.85666131         -0.1892004055E-14
  1         4      -15.63267413         -0.1895487410E-14
  1         5      -11.23373786         -0.1492472974E-14
  1         6      -11.85998518         -0.1439072012E-14
  1         7      -6.007691918         -0.6059366013E-15
  1         8      -4.615757392         -0.4207781087E-15
  1         9      -4.289069013         -0.3017712664E-15
  1        10      -1.274062763          0.1453350400E-15
  1        11      -2.315196483         -0.3634413441E-16
  1        12      -1.371754354          0.1349697318E-15
  1        13      -1.206036821          0.1553232001E-15
   0.1250000000   0.5000000000   0.0000000000          13           0
  1         1      -17.17304437         -0.1941147885E-14
  1         2      -15.69534904         -0.1814561742E-14
  1         3      -16.87137585         -0.1887155963E-14
  1         4      -15.29137661         -0.1861594017E-14
  1         5      -11.61415208         -0.1530099834E-14
  1         6      -9.110101291         -0.1028059109E-14
  1         7      -8.128394862         -0.9263087473E-15
  1         8      -2.881922942         -0.1395250614E-15
  1         9     -0.6438225203          0.2511898717E-15
  1        10      -1.590049877          0.1232522842E-15
  1        11      -2.048432238          0.4742719904E-16
  1        12      -3.741404810         -0.3189215869E-15
  1        13      -5.655276240         -0.4926796500E-15
   0.1250000000   0.5416666670   0.0000000000          13           0
  1         1      -16.98886254         -0.1927916157E-14
  1         2      -15.93779016         -0.1835895238E-14
  1         3      -16.90174036         -0.1882664127E-14
  1         4      -14.84260954         -0.1817817893E-14
  1         5      -12.11829543         -0.1575804233E-14
  1         6      -6.419500146         -0.6336676921E-15
  1         7      -2.191089040         -0.2832207081E-16
  1         8      -3.792357038         -0.2295609920E-15
  1         9      -6.814688805         -0.7142772478E-15
  1        10      -1.313466117          0.1671993563E-15
  1        11      -2.244070037          0.1458526564E-16
  1        12      -2.468600527         -0.1000373507E-15
  1        13      -4.035081620         -0.2084480914E-15
   0.1250000000   0.5833333330   0.0000000000          13           0
  1         1      -16.80270671         -0.1915376448E-14
  1         2      -16.21027175         -0.1858392348E-14
  1         3      -16.94996737         -0.1878229092E-14
  1         4      -14.43836834         -0.1778523754E-14
  1         5      -12.51361719         -0.1602283325E-14
  1         6      -5.275648933         -0.4691690439E-15
  1         7      -1.893132860          0.1939040601E-16
  1         8     -0.5107631721          0.2760213700E-15
  1         9      -7.133596448         -0.7557891682E-15
  1        10      -1.258804056          0.1698832422E-15
  1        11      -6.063828721         -0.5694752615E-15
  1        12      -1.845926204          0.1282031360E-16
  1        13      -3.090136180         -0.9136726513E-16
   0.1250000000   0.6250000000   0.0000000000          13           0
  1         1      -16.63885542         -0.1904862801E-14
  1         2      -16.48562814         -0.1881052865E-14
  1         3      -17.02009504         -0.1873608988E-14
  1         4      -14.11368672         -0.1746950220E-14
  1         5      -12.43192045         -0.1554837741E-14
  1         6      -4.773085903         -0.3978305469E-15
  1         7      -1.961447253          0.1142793729E-16
  1         8     -0.3500127796          0.2995027931E-15
  1         9      -1.395046542          0.1385825505E-15
  1        10      -2.391035796         -0.1810385495E-16
  1        11      -11.01352615         -0.1327737658E-14
  1        12      -1.667668703          0.4687555684E-16
  1        13      -3.415881808         -0.1475024309E-15
   0.1250000000   0.6666666670   0.0000000000          13           0
  1         1      -16.50242722         -0.1896451165E-14
  1         2      -16.75209425         -0.1903822023E-14
  1         3      -17.11900302         -0.1868829533E-14
  1         4      -13.86153221         -0.1722396406E-14
  1         5      -4.516665855         -0.3617661566E-15
  1         6      -10.29624475         -0.1202070153E-14
  1         7     -0.3183338519          0.3037465554E-15
  1         8      -3.254916768         -0.1669559305E-15
  1         9      -2.215217470         -0.7234358440E-17
  1        10      -1.502625911          0.1217750216E-15
  1        11      -10.65589632         -0.1266305944E-14
  1        12      -1.756592302          0.3553307684E-16
  1        13      -5.077034615         -0.4003508372E-15
   0.1250000000   0.7083333330   0.0000000000          13           0
  1         1      -16.39190588         -0.1889869512E-14
  1         2      -16.99844344         -0.1926045959E-14
  1         3      -13.66788685         -0.1703525028E-14
  1         4      -17.25605910         -0.1864707876E-14
  1         5      -4.376681568         -0.3423184673E-15
  1         6      -5.584996713         -0.4969468578E-15
  1         7     -0.3092872374          0.3047691546E-15
  1         8      -4.096123137         -0.2369651506E-15
  1         9      -1.309028922          0.1528054663E-15
  1        10      -5.499457615         -0.5291424475E-15
  1        11      -2.368289522         -0.5717900264E-16
  1        12      -5.262396598         -0.4370708111E-15
  1        13      -10.97740084         -0.1289546985E-14
   0.1666666670   0.1666666670   0.0000000000          13           0
  1         1      -16.49279121         -0.1902097564E-14
  1         2      -16.83223422         -0.1804486492E-14
  1         3      -17.03869668         -0.1960923692E-14
  1         4      -13.84397118         -0.1724924918E-14
  1         5      -4.458380061         -0.3504305318E-15
  1         6      -9.892662600         -0.1126456610E-14
  1         7     -0.3105511518          0.3050254730E-15
  1         8      -3.496999338         -0.1945922722E-15
  1         9      -2.395398119         -0.3539297621E-16
  1        10      -1.337281779          0.1493816386E-15
  1        11      -1.786790620          0.3042769974E-16
  1        12      -5.811175738         -0.5215202415E-15
  1        13      -11.06848206         -0.1305096229E-14
   0.1666666670   0.2083333330   0.0000000000          13           0
  1         1      -16.61841688         -0.1910667320E-14
  1         2      -16.62259810         -0.1799336187E-14
  1         3      -16.87364701         -0.1947963177E-14
  1         4      -14.07409294         -0.1747934217E-14
  1         5      -12.36607770         -0.1517751074E-14
  1         6      -4.604258538         -0.3699209061E-15
  1         7      -2.071380078         -0.4162685096E-17
  1         8     -0.3177256962          0.3043699538E-15
  1         9      -1.458043092          0.1261927612E-15
  1        10      -1.479647813          0.1272926021E-15
  1        11      -11.73778243         -0.1416670333E-14
  1        12      -1.680514264          0.4257461031E-16
  1        13      -5.227011751         -0.4106693034E-15
   0.1666666670   0.2500000000   0.0000000000          13           0
  1         1      -16.77098974         -0.1920896510E-14
  1         2      -16.37384167         -0.1796411483E-14
  1         3      -16.76406395         -0.1932773820E-14
  1         4      -14.37135319         -0.1777242107E-14
  1         5      -12.67490881         -0.1596189475E-14
  1         6      -4.869274455         -0.4059021512E-15
  1         7      -1.908264556          0.1477467142E-16
  1         8     -0.3460654478          0.3007975066E-15
  1         9      -1.277791419          0.1638319694E-15
  1        10      -2.234201826          0.1121952259E-16
  1        11      -11.64748790         -0.1402294624E-14
  1        12      -1.858905763          0.5627794310E-17
  1        13      -4.401822799         -0.2810668130E-15
   0.1666666670   0.2916666670   0.0000000000          13           0
  1         1      -16.94901395         -0.1932549229E-14
  1         2      -16.10539904         -0.1793052425E-14
  1         3      -16.69522118         -0.1918368740E-14
  1         4      -14.74794885         -0.1813791869E-14
  1         5      -12.38203640         -0.1586059610E-14
  1         6      -5.387041518         -0.4768381258E-15
  1         7      -2.198294675         -0.3447678645E-16
  1         8     -0.5017918875          0.2786933925E-15
  1         9      -1.325573079          0.1612666914E-15
  1        10      -7.325432718         -0.7653340828E-15
  1        11      -6.254515277         -0.5888705128E-15
  1        12      -2.519112078         -0.1188913160E-15
  1        13      -4.697189300         -0.3117861327E-15
   0.1666666670   0.3333333330   0.0000000000          13           0
  1         1      -17.13883320         -0.1944450128E-14
  1         2      -15.84479771         -0.1789289366E-14
  1         3      -16.65339371         -0.1905915958E-14
  1         4      -15.19540176         -0.1856410956E-14
  1         5      -11.90202701         -0.1549093128E-14
  1         6      -6.572794759         -0.6413104460E-15
  1         7      -2.943860077         -0.1593536899E-15
  1         8      -4.978874166         -0.4009917700E-15
  1         9      -5.948391424         -0.5654417710E-15
  1        10      -1.604113228          0.1144809309E-15
  1        11      -2.362958162         -0.2029772171E-17
  1        12      -3.672642393         -0.3243459948E-15
  1        13      -6.889773194         -0.6373022159E-15
   0.1666666670   0.3750000000   0.0000000000          13           0
  1         1      -17.30017044         -0.1953568828E-14
  1         2      -15.63918272         -0.1788205217E-14
  1         3      -16.63066548         -0.1895345545E-14
  1         4      -15.62667562         -0.1896429887E-14
  1         5      -11.42809038         -0.1510035150E-14
  1         6      -9.414782890         -0.1044015042E-14
  1         7      -8.258132509         -0.9349167004E-15
  1         8      -4.683173712         -0.4536365855E-15
  1         9     -0.5867305958          0.2637338329E-15
  1        10      -2.138967620          0.3661709411E-17
  1        11      -5.196846033         -0.4326864454E-15
  1        12      -2.566077537         -0.9187244019E-16
  1        13      -2.272393143         -0.1005531690E-16
   0.1666666670   0.4166666670   0.0000000000          13           0
  1         1      -17.36668785         -0.1955467336E-14
  1         2      -15.55769164         -0.1794713421E-14
  1         3      -16.62343380         -0.1886177437E-14
  1         4      -15.82242292         -0.1913095681E-14
  1         5      -11.21501768         -0.1494884613E-14
  1         6      -11.68119202         -0.1373630324E-14
  1         7      -6.105234547         -0.6191446344E-15
  1         8      -6.353745507         -0.7377017374E-15
  1         9      -5.571361895         -0.5090916646E-15
  1        10      -1.767155025          0.4829036990E-16
  1        11     -0.3703184204          0.2687521956E-15
  1        12     -0.4512402451          0.3076101199E-15
  1        13      -1.061540501          0.1852009402E-15
   0.1666666670   0.4583333330   0.0000000000          13           0
  1         1      -17.30017044         -0.1948390813E-14
  1         2      -15.63918271         -0.1811152799E-14
  1         3      -16.63066549         -0.1877849315E-14
  1         4      -15.62667562         -0.1892539903E-14
  1         5      -11.42809038         -0.1518777848E-14
  1         6      -9.414782897         -0.1048823881E-14
  1         7      -8.258132514         -0.9313379532E-15
  1         8      -4.683173726         -0.4500556870E-15
  1         9     -0.5867305926          0.2638403501E-15
  1        10      -2.138967602          0.4663616143E-17
  1        11      -5.196846033         -0.4287506050E-15
  1        12      -2.566077539         -0.9158193063E-16
  1        13      -2.272393145         -0.9867141146E-17
   0.1666666670   0.5000000000   0.0000000000          13           0
  1         1      -17.13883320         -0.1935898274E-14
  1         2      -15.84479771         -0.1834533015E-14
  1         3      -16.65339371         -0.1869842033E-14
  1         4      -15.19540175         -0.1850248186E-14
  1         5      -11.90202701         -0.1564660464E-14
  1         6      -6.572794755         -0.6459745592E-15
  1         7      -2.943860096         -0.1566114522E-15
  1         8      -4.978874366         -0.4009601573E-15
  1         9      -5.948391268         -0.5645152569E-15
  1        10      -1.604113228          0.1163065484E-15
  1        11      -2.362958148         -0.1313377710E-17
  1        12      -3.672642373         -0.3200678803E-15
  1        13      -6.889773186         -0.6198990050E-15
   0.1666666670   0.5416666670   0.0000000000          13           0
  1         1      -16.94901395         -0.1922684021E-14
  1         2      -16.10539904         -0.1860614324E-14
  1         3      -16.69522118         -0.1861783224E-14
  1         4      -14.74794884         -0.1806930913E-14
  1         5      -12.38203641         -0.1606174537E-14
  1         6      -5.387041494         -0.4805860405E-15
  1         7      -2.198294676         -0.3295122868E-16
  1         8     -0.5017918795          0.2784104356E-15
  1         9      -1.325573078          0.1626032805E-15
  1        10      -7.325432725         -0.7670540952E-15
  1        11      -6.254515340         -0.5877253166E-15
  1        12      -2.519112060         -0.1150414319E-15
  1        13      -4.697189272         -0.2994752832E-15
   0.1666666670   0.5833333330   0.0000000000          13           0
  1         1      -16.77098974         -0.1911122360E-14
  1         2      -16.37384167         -0.1886980563E-14
  1         3      -16.76406396         -0.1853803085E-14
  1         4      -14.37135319         -0.1770594535E-14
  1         5      -12.67490881         -0.1618568507E-14
  1         6      -4.869274449         -0.4091144184E-15
  1         7      -1.908264564          0.1511003295E-16
  1         8     -0.3460654471          0.3005853505E-15
  1         9      -1.277791422          0.1645319728E-15
  1        10      -2.234201836          0.9864679557E-17
  1        11      -11.64748801         -0.1401381756E-14
  1        12      -1.858905771          0.7774217826E-17
  1        13      -4.401822719         -0.2685444610E-15
   0.1666666670   0.6250000000   0.0000000000          13           0
  1         1      -16.61841688         -0.1901735353E-14
  1         2      -16.62259809         -0.1911799074E-14
  1         3      -16.87364701         -0.1847245662E-14
  1         4      -14.07409294         -0.1741929459E-14
  1         5      -12.36607769         -0.1539142709E-14
  1         6      -4.604258535         -0.3728401753E-15
  1         7      -2.071380093         -0.5805660549E-17
  1         8     -0.3177256957          0.3041872755E-15
  1         9      -1.458043100          0.1258925997E-15
  1        10      -1.479647805          0.1264328798E-15
  1        11      -11.73778296         -0.1411204553E-14
  1        12      -1.680514270          0.4347170331E-16
  1        13      -5.227011231         -0.3924445944E-15
   0.2083333330   0.2083333330   0.0000000000          13           0
  1         1      -16.76037021         -0.1920565994E-14
  1         2      -16.45787772         -0.1784911315E-14
  1         3      -16.67027285         -0.1944588458E-14
  1         4      -14.34914182         -0.1775434903E-14
  1         5      -12.73344394         -0.1598369797E-14
  1         6      -4.758250893         -0.3897389301E-15
  1         7      -1.918236018          0.1230952067E-16
  1         8     -0.3225586204          0.3041521064E-15
  1         9      -1.286089353          0.1614308016E-15
  1        10      -1.542647373          0.1185242834E-15
  1        11      -13.83563867         -0.1713247564E-14
  1        12      -1.866347276          0.2780229419E-17
  1        13      -4.571286275         -0.2940276592E-15
   0.2083333330   0.2500000000   0.0000000000          13           0
  1         1      -16.92840146         -0.1931630524E-14
  1         2      -16.24474232         -0.1780255016E-14
  1         3      -16.53174595         -0.1931144495E-14
  1         4      -14.69982082         -0.1809540761E-14
  1         5      -12.54307161         -0.1599551989E-14
  1         6      -5.040750511         -0.4268284373E-15
  1         7      -2.212263351         -0.3949590421E-16
  1         8     -0.3481715652          0.3011746140E-15
  1         9      -1.335181711          0.1576622863E-15
  1        10      -2.138365352          0.3016286092E-16
  1        11      -12.53696106         -0.1506565470E-14
  1        12      -2.571057494         -0.1332631686E-15
  1        13      -6.258913560         -0.5421839346E-15
   0.2083333330   0.2916666670   0.0000000000          13           0
  1         1      -17.11501930         -0.1943327583E-14
  1         2      -16.00030124         -0.1779347907E-14
  1         3      -16.45190835         -0.1915098463E-14
  1         4      -15.13021144         -0.1850544312E-14
  1         5      -12.13329277         -0.1571060911E-14
  1         6      -5.597295824         -0.5004967349E-15
  1         7      -3.033193714         -0.1809964862E-15
  1         8     -0.5110646942          0.2787948059E-15
  1         9      -1.632247466          0.1049360629E-15
  1        10      -7.944954823         -0.8327760601E-15
  1        11      -6.127728040         -0.5601704372E-15
  1        12      -3.617615812         -0.3240594210E-15
  1        13      -7.553318010         -0.7290529271E-15
   0.2083333330   0.3333333330   0.0000000000          13           0
  1         1      -17.29403991         -0.1953513828E-14
  1         2      -15.77103950         -0.1781695568E-14
  1         3      -16.41089325         -0.1899133316E-14
  1         4      -15.59858456         -0.1893987412E-14
  1         5      -11.64662704         -0.1532518616E-14
  1         6      -6.878424288         -0.6712565831E-15
  1         7      -4.901020806         -0.5067457460E-15
  1         8      -7.809835481         -0.8122869082E-15
  1         9      -3.255834208         -0.1430748314E-15
  1        10      -2.005035263          0.2089455727E-16
  1        11      -3.333333776         -0.1472944843E-15
  1        12      -2.666614902         -0.1224013146E-15
  1        13      -6.167553076         -0.5691346987E-15
   0.2083333330   0.3750000000   0.0000000000          13           0
  1         1      -17.41167753         -0.1958404302E-14
  1         2      -15.62522530         -0.1790000261E-14
  1         3      -16.39371097         -0.1884341662E-14
  1         4      -15.94738986         -0.1924751483E-14
  1         5      -11.28049710         -0.1504740227E-14
  1         6      -9.851005324         -0.1073100042E-14
  1         7      -6.713627162         -0.8264785945E-15
  1         8      -7.636562319         -0.8355740669E-15
  1         9      -4.208739968         -0.2812300977E-15
  1        10      -1.759204562          0.5578984071E-16
  1        11      -2.626421758         -0.6036483392E-16
  1        12      -1.371672358          0.1488599386E-15
  1        13      -1.457291393          0.1143450101E-15
   0.2083333330   0.4166666670   0.0000000000          13           0
  1         1      -17.41167753         -0.1954871015E-14
  1         2      -15.62522530         -0.1807565067E-14
  1         3      -16.39371097         -0.1870571543E-14
  1         4      -15.94738986         -0.1922002285E-14
  1         5      -11.28049710         -0.1510646291E-14
  1         6      -9.851005332         -0.1077222259E-14
  1         7      -6.713627159         -0.8231883211E-15
  1         8      -7.636562319         -0.8307261300E-15
  1         9      -4.208739961         -0.2798543511E-15
  1        10      -1.759204557          0.5603099707E-16
  1        11      -2.626421768         -0.5991121195E-16
  1        12      -1.371672363          0.1486321298E-15
  1        13      -1.457291396          0.1129251254E-15
   0.2083333330   0.4583333330   0.0000000000          13           0
  1         1      -17.29403992         -0.1944218417E-14
  1         2      -15.77103949         -0.1833629632E-14
  1         3      -16.41089325         -0.1857315308E-14
  1         4      -15.59858456         -0.1887022786E-14
  1         5      -11.64662704         -0.1548702883E-14
  1         6      -6.878424329         -0.6764614765E-15
  1         7      -4.901020883         -0.5007482954E-15
  1         8      -7.809836064         -0.8102257880E-15
  1         9      -3.255833642         -0.1418677652E-15
  1        10      -2.005035243          0.2303716520E-16
  1        11      -3.333333832         -0.1436532029E-15
  1        12      -2.666614854         -0.1201201944E-15
  1        13      -6.167552939         -0.5551367383E-15
   0.2083333330   0.5000000000   0.0000000000          13           0
  1         1      -17.11501930         -0.1930958750E-14
  1         2      -16.00030123         -0.1863738161E-14
  1         3      -16.45190836         -0.1844584415E-14
  1         4      -15.13021144         -0.1841682568E-14
  1         5      -12.13329277         -0.1594425755E-14
  1         6      -5.597295816         -0.5046634018E-15
  1         7      -3.033193739         -0.1771897825E-15
  1         8     -0.5110646951          0.2785533520E-15
  1         9      -1.632247467          0.1075826621E-15
  1        10      -7.944955081         -0.8337162515E-15
  1        11      -6.127727845         -0.5572379517E-15
  1        12      -3.617615791         -0.3173869168E-15
  1        13      -7.553317950         -0.6972297050E-15
   0.2083333330   0.5416666670   0.0000000000          13           0
  1         1      -16.92840146         -0.1918506654E-14
  1         2      -16.24474232         -0.1892954287E-14
  1         3      -16.53174595         -0.1833969324E-14
  1         4      -14.69982082         -0.1800441210E-14
  1         5      -12.54307162         -0.1627056485E-14
  1         6      -5.040750505         -0.4303436843E-15
  1         7      -2.212263365         -0.3772976793E-16
  1         8     -0.3481715643          0.3009880221E-15
  1         9      -1.335181714          0.1593123928E-15
  1        10      -2.138365351          0.2930421227E-16
  1        11      -12.53696118         -0.1501191370E-14
  1        12      -2.571057505         -0.1281184549E-15
  1        13      -6.258913397         -0.5135693096E-15
   0.2500000000   0.2500000000   0.0000000000          13           0
  1         1      -17.10654699         -0.1943255930E-14
  1         2      -16.08242158         -0.1767608510E-14
  1         3      -16.35375349         -0.1926631648E-14
  1         4      -15.10730143         -0.1848858550E-14
  1         5      -12.22379451         -0.1578522223E-14
  1         6      -5.371920162         -0.4689144367E-15
  1         7      -3.073893929         -0.1910341421E-15
  1         8     -0.3795602398          0.2977370951E-15
  1         9      -1.643790108          0.1008383033E-15
  1        10      -2.868948766         -0.6782365920E-16
  1        11      -12.21438669         -0.1435846147E-14
  1        12      -3.590468505         -0.3226630137E-15
  1        13      -7.853240875         -0.7921969307E-15
   0.2500000000   0.2916666670   0.0000000000          13           0
  1         1      -17.28835981         -0.1953627711E-14
  1         2      -15.89282081         -0.1768292868E-14
  1         3      -16.24509535         -0.1911204724E-14
  1         4      -15.57656874         -0.1892373381E-14
  1         5      -11.79395564         -0.1546741068E-14
  1         6      -6.057957251         -0.5564231637E-15
  1         7      -5.050328204         -0.5428899644E-15
  1         8     -0.7108297855          0.2529698003E-15
  1         9      -1.930746475          0.2942084149E-16
  1        10      -9.904406693         -0.1085077393E-14
  1        11      -4.550869738         -0.3366111303E-15
  1        12      -2.561727376         -0.1082467868E-15
  1        13      -7.995758749         -0.8235247945E-15
   0.2500000000   0.3333333330   0.0000000000          13           0
  1         1      -17.43520709         -0.1960232517E-14
  1         2      -15.72656092         -0.1779578188E-14
  1         3      -16.19472725         -0.1890833025E-14
  1         4      -16.01133311         -0.1930992118E-14
  1         5      -11.37394714         -0.1515685694E-14
  1         6      -7.688238465         -0.7642238702E-15
  1         7      -6.782999167         -0.8567842851E-15
  1         8      -9.434763212         -0.1045386928E-14
  1         9     -0.8837783484          0.2194611091E-15
  1        10      -1.623196780          0.7551738951E-16
  1        11      -6.226998432         -0.5902782189E-15
  1        12      -1.593577434          0.1061871256E-15
  1        13      -2.814469560         -0.8532480832E-16
   0.2500000000   0.3750000000   0.0000000000          13           0
  1         1      -17.49351572         -0.1959842870E-14
  1         2      -15.65868071         -0.1801962218E-14
  1         3      -16.18112529         -0.1868280643E-14
  1         4      -16.20248158         -0.1945499644E-14
  1         5      -11.18611317         -0.1506146022E-14
  1         6      -7.209586965         -0.9326138167E-15
  1         7      -10.15940922         -0.1080721667E-14
  1         8      -6.672039723         -0.6982757988E-15
  1         9      -6.912251146         -0.6857402530E-15
  1        10      -2.003416275          0.4032827809E-16
  1        11     -0.4692486298          0.2542558880E-15
  1        12     -0.6270616080          0.2807628662E-15
  1        13     -0.9498277335          0.1681000882E-15
   0.2500000000   0.4166666670   0.0000000000          13           0
  1         1      -17.43520709         -0.1951913204E-14
  1         2      -15.72656091         -0.1833541352E-14
  1         3      -16.19472726         -0.1846026850E-14
  1         4      -16.01133311         -0.1924468232E-14
  1         5      -11.37394715         -0.1529784516E-14
  1         6      -7.688238461         -0.7695435538E-15
  1         7      -6.782999167         -0.8496188005E-15
  1         8      -9.434763251         -0.1037323468E-14
  1         9     -0.8837783391          0.2198979904E-15
  1        10      -1.623196773          0.7674595912E-16
  1        11      -6.226998443         -0.5820578935E-15
  1        12      -1.593577438          0.1076580990E-15
  1        13      -2.814469554         -0.8631174850E-16
   0.2500000000   0.4583333330   0.0000000000          13           0
  1         1      -17.28835981         -0.1939621328E-14
  1         2      -15.89282081         -0.1868010307E-14
  1         3      -16.24509536         -0.1827260005E-14
  1         4      -15.57656873         -0.1881899277E-14
  1         5      -11.79395565         -0.1571551876E-14
  1         6      -6.057957245         -0.5607431157E-15
  1         7      -5.050328232         -0.5342370078E-15
  1         8     -0.7108297940          0.2530940594E-15
  1         9      -1.930746456          0.3265128422E-16
  1        10      -9.904406878         -0.1079000048E-14
  1        11      -4.550869613         -0.3303189219E-15
  1        12      -2.561727362         -0.1041992757E-15
  1        13      -7.995758707         -0.7905227281E-15
   0.2916666670   0.2916666670   0.0000000000          13           0
  1         1      -17.44224661         -0.1961247571E-14
  1         2      -15.78996449         -0.1766053768E-14
  1         3      -16.09902563         -0.1902925798E-14
  1         4      -16.02994441         -0.1933387380E-14
  1         5      -11.41775331         -0.1519300361E-14
  1         6      -7.133138282         -0.6896598441E-15
  1         7      -6.790740951         -0.8651898719E-15
  1         8      -8.778615027         -0.9111380654E-15
  1         9      -1.892547528          0.6861416657E-16
  1        10      -1.579841806          0.8118405926E-16
  1        11      -5.602411187         -0.4997668708E-15
  1        12      -1.599514232          0.9929946749E-16
  1        13      -4.547657738         -0.3294946936E-15
   0.2916666670   0.3333333330   0.0000000000          13           0
  1         1      -17.53632542         -0.1962799936E-14
  1         2      -15.71882869         -0.1790335432E-14
  1         3      -16.02845644         -0.1875653213E-14
  1         4      -16.34391479         -0.1958911531E-14
  1         5      -11.14422219         -0.1503823879E-14
  1         6      -7.264318449         -0.9543641084E-15
  1         7      -9.465552038         -0.9771407929E-15
  1         8      -7.786270873         -0.8352925867E-15
  1         9      -5.384118677         -0.4496003065E-15
  1        10      -1.751731442          0.6800076572E-16
  1        11      -1.361329253          0.1404862076E-15
  1        12      -1.491055539          0.1412076334E-15
  1        13      -1.783959528          0.5570353106E-16
   0.2916666670   0.3750000000   0.0000000000          13           0
  1         1      -17.53632542         -0.1957667313E-14
  1         2      -15.71882869         -0.1833518371E-14
  1         3      -16.02845644         -0.1838192012E-14
  1         4      -16.34391478         -0.1954721444E-14
  1         5      -11.14422220         -0.1512417407E-14
  1         6      -7.264318448         -0.9500555552E-15
  1         7      -9.465552045         -0.9802090789E-15
  1         8      -7.786270877         -0.8271263839E-15
  1         9      -5.384118701         -0.4458341332E-15
  1        10      -1.751731439          0.7070446410E-16
  1        11      -1.361329243          0.1394858331E-15
  1        12      -1.491055543          0.1391645657E-15
  1        13      -1.783959533          0.4961873623E-16
   0.3333333330   0.3333333330   0.0000000000          13           0
  1         1      -17.57335138         -0.1960209459E-14
  1         2      -15.72807395         -0.1828924787E-14
  1         3      -15.95780583         -0.1839761908E-14
  1         4      -16.47558348         -0.1967262481E-14
  1         5      -11.05068375         -0.1503905346E-14
  1         6      -7.334525085         -0.9676924811E-15
  1         7      -10.60033181         -0.1113751545E-14
  1         8      -7.596822998         -0.8339523398E-15
  1         9      -4.326803006         -0.2984697375E-15
  1        10      -2.698564550         -0.3020285100E-16
  1        11      -1.438652598          0.5991956576E-16
  1        12     -0.7871195298          0.2165781822E-15
  1        13     -0.5334803938          0.2441143108E-15
