   0.1666666670   0.5416666670   0.0000000000          13           0
  1         1      -26.97827200           0.000000000    
  1         2      -22.71429573           0.000000000    
  1         3      -22.42066913           0.000000000    
  1         4      -18.55070186           0.000000000    
  1         5      -6.765791674           0.000000000    
  1         6      -1.909948196           0.000000000    
  1         7     -0.4684817760           0.000000000    
  1         8     -0.2008330234           0.000000000    
  1         9     -0.3276028368           0.000000000    
  1        10      -3.616860048           0.000000000    
  1        11      -2.983132007           0.000000000    
  1        12     -0.7393572098           0.000000000    
  1        13      -2.031966088           0.000000000    
   0.1666666670   0.5833333330   0.0000000000          13           0
  1         1      -26.90204027           0.000000000    
  1         2      -22.79184471           0.000000000    
  1         3      -22.36921373           0.000000000    
  1         4      -18.39604512           0.000000000    
  1         5      -6.888680323           0.000000000    
  1         6      -1.661697428           0.000000000    
  1         7     -0.4020387040           0.000000000    
  1         8     -0.1181994497           0.000000000    
  1         9     -0.2883064517           0.000000000    
  1        10     -0.9792563269           0.000000000    
  1        11      -5.848396221           0.000000000    
  1        12     -0.4770074029           0.000000000    
  1        13      -1.972502171           0.000000000    
   0.1666666670   0.6250000000   0.0000000000          13           0
  1         1      -26.85992473           0.000000000    
  1         2      -22.82770102           0.000000000    
  1         3      -22.32884462           0.000000000    
  1         4      -18.33001012           0.000000000    
  1         5      -6.654493586           0.000000000    
  1         6      -1.556577091           0.000000000    
  1         7     -0.5683429119           0.000000000    
  1         8     -0.1031227138           0.000000000    
  1         9     -0.3454272947           0.000000000    
  1        10     -0.5850166148           0.000000000    
  1        11      -5.945003552           0.000000000    
  1        12     -0.3946590777           0.000000000    
  1        13      -2.460116537           0.000000000    
   0.2083333330   0.2083333330   0.0000000000          13           0
  1         1      -26.89723452           0.000000000    
  1         2      -22.82568118           0.000000000    
  1         3      -22.31840388           0.000000000    
  1         4      -18.38558839           0.000000000    
  1         5      -6.916685650           0.000000000    
  1         6      -1.598458324           0.000000000    
  1         7     -0.4061248317           0.000000000    
  1         8     -0.1046924379           0.000000000    
  1         9     -0.2890330238           0.000000000    
  1        10     -0.6073331300           0.000000000    
  1        11      -6.965865404           0.000000000    
  1        12     -0.4772002179           0.000000000    
  1        13      -2.050516633           0.000000000    
   0.2083333330   0.2500000000   0.0000000000          13           0
  1         1      -26.96535086           0.000000000    
  1         2      -22.75865598           0.000000000    
  1         3      -22.35352512           0.000000000    
  1         4      -18.51602542           0.000000000    
  1         5      -6.853162801           0.000000000    
  1         6      -1.707315495           0.000000000    
  1         7     -0.4679484334           0.000000000    
  1         8     -0.1176581376           0.000000000    
  1         9     -0.3283245193           0.000000000    
  1        10     -0.9062392461           0.000000000    
  1        11      -6.196358870           0.000000000    
  1        12     -0.7574596024           0.000000000    
  1        13      -2.831061689           0.000000000    
   0.2083333330   0.2916666670   0.0000000000          13           0
  1         1      -27.06724433           0.000000000    
  1         2      -22.63771484           0.000000000    
  1         3      -22.41025870           0.000000000    
  1         4      -18.75357881           0.000000000    
  1         5      -6.616902462           0.000000000    
  1         6      -1.968570535           0.000000000    
  1         7     -0.7354863479           0.000000000    
  1         8     -0.2011443999           0.000000000    
  1         9     -0.4757766581           0.000000000    
  1        10      -3.829192092           0.000000000    
  1        11      -2.852481657           0.000000000    
  1        12      -1.152692696           0.000000000    
  1        13      -3.280061212           0.000000000    
   0.2083333330   0.3333333330   0.0000000000          13           0
  1         1      -27.18699141           0.000000000    
  1         2      -22.49791511           0.000000000    
  1         3      -22.46061953           0.000000000    
  1         4      -19.09176580           0.000000000    
  1         5      -6.264832043           0.000000000    
  1         6      -2.652746350           0.000000000    
  1         7      -1.428663423           0.000000000    
  1         8      -3.694147651           0.000000000    
  1         9      -1.473041358           0.000000000    
  1        10     -0.6357219575           0.000000000    
  1        11      -1.349300978           0.000000000    
  1        12     -0.7456530484           0.000000000    
  1        13      -2.298628180           0.000000000    
   0.2083333330   0.3750000000   0.0000000000          13           0
  1         1      -27.27569627           0.000000000    
  1         2      -22.39789486           0.000000000    
  1         3      -22.48867784           0.000000000    
  1         4      -19.38778773           0.000000000    
  1         5      -5.958251140           0.000000000    
  1         6      -4.369412322           0.000000000    
  1         7      -2.165701457           0.000000000    
  1         8      -3.067602258           0.000000000    
  1         9      -1.611184074           0.000000000    
  1        10     -0.3895179381           0.000000000    
  1        11     -0.9677588103           0.000000000    
  1        12     -0.2317937153           0.000000000    
  1        13     -0.5292409582           0.000000000    
   0.2083333330   0.4166666670   0.0000000000          13           0
  1         1      -27.27572340           0.000000000    
  1         2      -22.39786436           0.000000000    
  1         3      -22.48867291           0.000000000    
  1         4      -19.38779593           0.000000000    
  1         5      -5.958227151           0.000000000    
  1         6      -4.369410314           0.000000000    
  1         7      -2.165695640           0.000000000    
  1         8      -3.067610223           0.000000000    
  1         9      -1.611185156           0.000000000    
  1        10     -0.3895200376           0.000000000    
  1        11     -0.9677589691           0.000000000    
  1        12     -0.2317937686           0.000000000    
  1        13     -0.5292410678           0.000000000    
   0.2083333330   0.4583333330   0.0000000000          13           0
  1         1      -27.18706659           0.000000000    
  1         2      -22.49783284           0.000000000    
  1         3      -22.46060453           0.000000000    
  1         4      -19.09178762           0.000000000    
  1         5      -6.264769114           0.000000000    
  1         6      -2.652747177           0.000000000    
  1         7      -1.428654118           0.000000000    
  1         8      -3.694150999           0.000000000    
  1         9      -1.473045430           0.000000000    
  1        10     -0.6357178722           0.000000000    
  1        11      -1.349314656           0.000000000    
  1        12     -0.7456517820           0.000000000    
  1        13      -2.298646604           0.000000000    
   0.2083333330   0.5000000000   0.0000000000          13           0
  1         1      -27.06735375           0.000000000    
  1         2      -22.63760117           0.000000000    
  1         3      -22.41023246           0.000000000    
  1         4      -18.75360896           0.000000000    
  1         5      -6.616817860           0.000000000    
  1         6      -1.968574549           0.000000000    
  1         7     -0.7354813691           0.000000000    
  1         8     -0.2011443248           0.000000000    
  1         9     -0.4757719313           0.000000000    
  1        10      -3.829191839           0.000000000    
  1        11      -2.852502618           0.000000000    
  1        12      -1.152679905           0.000000000    
  1        13      -3.280119451           0.000000000    
   0.2083333330   0.5416666670   0.0000000000          13           0
  1         1      -26.96548061           0.000000000    
  1         2      -22.75853156           0.000000000    
  1         3      -22.35348525           0.000000000    
  1         4      -18.51605962           0.000000000    
  1         5      -6.853070684           0.000000000    
  1         6      -1.707321480           0.000000000    
  1         7     -0.4679455451           0.000000000    
  1         8     -0.1176584464           0.000000000    
  1         9     -0.3283217811           0.000000000    
  1        10     -0.9062395695           0.000000000    
  1        11      -6.196393998           0.000000000    
  1        12     -0.7574493080           0.000000000    
  1        13      -2.831114803           0.000000000    
   0.2500000000   0.2500000000   0.0000000000          13           0
  1         1      -27.06030110           0.000000000    
  1         2      -22.66014633           0.000000000    
  1         3      -22.38067193           0.000000000    
  1         4      -18.73043048           0.000000000    
  1         5      -6.671253572           0.000000000    
  1         6      -1.836345221           0.000000000    
  1         7     -0.7456900933           0.000000000    
  1         8     -0.1323981945           0.000000000    
  1         9     -0.4809897782           0.000000000    
  1        10      -1.245804896           0.000000000    
  1        11      -5.897484615           0.000000000    
  1        12      -1.148651377           0.000000000    
  1        13      -3.495452179           0.000000000    
   0.2500000000   0.2916666670   0.0000000000          13           0
  1         1      -27.17900626           0.000000000    
  1         2      -22.50673949           0.000000000    
  1         3      -22.43975499           0.000000000    
  1         4      -19.05255299           0.000000000    
  1         5      -6.360731717           0.000000000    
  1         6      -2.161021290           0.000000000    
  1         7      -1.483857571           0.000000000    
  1         8     -0.2923184128           0.000000000    
  1         9     -0.6149479827           0.000000000    
  1        10      -4.615892538           0.000000000    
  1        11      -2.011960417           0.000000000    
  1        12     -0.7332077621           0.000000000    
  1        13      -3.361847658           0.000000000    
   0.2500000000   0.3333333330   0.0000000000          13           0
  1         1      -27.28865272           0.000000000    
  1         2      -22.35771155           0.000000000    
  1         3      -22.49695655           0.000000000    
  1         4      -19.41011149           0.000000000    
  1         5      -6.005811926           0.000000000    
  1         6      -3.027475178           0.000000000    
  1         7      -2.211394690           0.000000000    
  1         8      -4.141800007           0.000000000    
  1         9     -0.3419465351           0.000000000    
  1        10     -0.4001968664           0.000000000    
  1        11      -2.496031129           0.000000000    
  1        12     -0.3413094077           0.000000000    
  1        13     -0.9408180486           0.000000000    
   0.2500000000   0.3750000000   0.0000000000          13           0
  1         1      -27.33522381           0.000000000    
  1         2      -22.29472636           0.000000000    
  1         3      -22.51989353           0.000000000    
  1         4      -19.58259070           0.000000000    
  1         5      -5.833425854           0.000000000    
  1         6      -2.407443401           0.000000000    
  1         7      -4.417705717           0.000000000    
  1         8      -2.407958810           0.000000000    
  1         9      -2.750322782           0.000000000    
  1        10     -0.3318380872           0.000000000    
  1        11     -0.1703022436           0.000000000    
  1        12     -0.2020501808           0.000000000    
  1        13     -0.2157353032           0.000000000    
   0.2500000000   0.4166666670   0.0000000000          13           0
  1         1      -27.28870116           0.000000000    
  1         2      -22.35766593           0.000000000    
  1         3      -22.49693877           0.000000000    
  1         4      -19.41012620           0.000000000    
  1         5      -6.005771464           0.000000000    
  1         6      -3.027474225           0.000000000    
  1         7      -2.211380449           0.000000000    
  1         8      -4.141819077           0.000000000    
  1         9     -0.3419489643           0.000000000    
  1        10     -0.4001980240           0.000000000    
  1        11      -2.496043290           0.000000000    
  1        12     -0.3413121384           0.000000000    
  1        13     -0.9408177883           0.000000000    
   0.2500000000   0.4583333330   0.0000000000          13           0
  1         1      -27.17909386           0.000000000    
  1         2      -22.50666375           0.000000000    
  1         3      -22.43971746           0.000000000    
  1         4      -19.05257829           0.000000000    
  1         5      -6.360663929           0.000000000    
  1         6      -2.161025092           0.000000000    
  1         7      -1.483841671           0.000000000    
  1         8     -0.2923187095           0.000000000    
  1         9     -0.6149415871           0.000000000    
  1        10      -4.615913728           0.000000000    
  1        11      -2.011988157           0.000000000    
  1        12     -0.7332041227           0.000000000    
  1        13      -3.361891306           0.000000000    
   0.2916666670   0.2916666670   0.0000000000          13           0
  1         1      -27.29214974           0.000000000    
  1         2      -22.33376143           0.000000000    
  1         3      -22.51139764           0.000000000    
  1         4      -19.41352045           0.000000000    
  1         5      -6.030746470           0.000000000    
  1         6      -2.695255841           0.000000000    
  1         7      -2.220767129           0.000000000    
  1         8      -3.878251012           0.000000000    
  1         9     -0.7970287212           0.000000000    
  1        10     -0.3951993053           0.000000000    
  1        11      -2.360148392           0.000000000    
  1        12     -0.3589094117           0.000000000    
  1        13      -1.621582819           0.000000000    
   0.2916666670   0.3333333330   0.0000000000          13           0
  1         1      -27.36703293           0.000000000    
  1         2      -22.18893703           0.000000000    
  1         3      -22.58888943           0.000000000    
  1         4      -19.69217720           0.000000000    
  1         5      -5.768368654           0.000000000    
  1         6      -2.452168859           0.000000000    
  1         7      -3.955206520           0.000000000    
  1         8      -3.032014266           0.000000000    
  1         9      -1.955100624           0.000000000    
  1        10     -0.3322345961           0.000000000    
  1        11     -0.4218928568           0.000000000    
  1        12     -0.2916296176           0.000000000    
  1        13     -0.6268161643           0.000000000    
   0.2916666670   0.3750000000   0.0000000000          13           0
  1         1      -27.36705488           0.000000000    
  1         2      -22.18892661           0.000000000    
  1         3      -22.58887089           0.000000000    
  1         4      -19.69218406           0.000000000    
  1         5      -5.768351266           0.000000000    
  1         6      -2.452159309           0.000000000    
  1         7      -3.955205250           0.000000000    
  1         8      -3.032037526           0.000000000    
  1         9      -1.955100125           0.000000000    
  1        10     -0.3322381301           0.000000000    
  1        11     -0.4218927858           0.000000000    
  1        12     -0.2916295423           0.000000000    
  1        13     -0.6268172719           0.000000000    
   0.3333333330   0.3333333330   0.0000000000          13           0
  1         1      -27.39681561           0.000000000    
  1         2      -22.07469389           0.000000000    
  1         3      -22.67444445           0.000000000    
  1         4      -19.80948138           0.000000000    
  1         5      -5.667832951           0.000000000    
  1         6      -2.496396336           0.000000000    
  1         7      -4.568074593           0.000000000    
  1         8      -2.846872222           0.000000000    
  1         9      -1.067616343           0.000000000    
  1        10     -0.5449593053           0.000000000    
  1        11     -0.1480602624           0.000000000    
  1        12     -0.2778851725           0.000000000    
  1        13     -0.1992404457           0.000000000    
